423 0.0024930517122088796
405 0.0024294491442031015
294 0.0024044963439005017
288 0.002385216763682793
318 0.0022338594396764198
286 0.002204159897947394
568 0.002072378311884097
357 0.0020471389258422137
655 0.0020117365260980853
385 0.0019825257395552466
403 0.0019231683077126367
546 0.0019227490155359936
300 0.0018973684628993729
483 0.0018817076846186582
393 0.0018489208048099789
496 0.0018449422984442084
742 0.0018235831579232796
276 0.0018162477950811452
313 0.0017533827649562179
588 0.0017457894504234875
566 0.0017253622867410257
732 0.0017175944633578497
367 0.0017060927471014634
435 0.0016998311811158076
427 0.001688681054418805
527 0.0016831826283348551
433 0.0016611043839497791
475 0.0016471303833420704
603 0.0016468891440534698
273 0.001635463419227279
451 0.0016297813189398186
474 0.0016169517437022692
419 0.001610713835195961
402 0.0016097973906706103
275 0.001606102607942777
739 0.0016048939866381365
282 0.0015986266952519237
684 0.0015790829776115762
432 0.0015672166303973395
471 0.0015626100268011265
550 0.0015596998084842337
748 0.001559466565719631
302 0.0015528911226440519
597 0.0015467336759972545
692 0.0015262473643365751
651 0.0015242591360103335
443 0.0015200512446035255
328 0.0014947482647651243
284 0.0014861489539101157
480 0.001482876096966481
479 0.0014820288663840117
582 0.0014585088306166367
431 0.0014526028244404615
559 0.0014344663215251291
508 0.0014292899657277322
511 0.0014278789639048284
514 0.001410236679567911
660 0.0014095754971603805
274 0.00138073682569818
515 0.0013770069822867457
735 0.0013693823615348864
845 0.0013493709867222273
591 0.001348580877121026
472 0.0013307063434413896
411 0.0013300953681742909
498 0.0013089220540612935
298 0.0013081409048128487
654 0.0012954630253504597
628 0.0012926685642249494
462 0.0012859582894799392
410 0.0012827728839434596
523 0.001281405935821126
289 0.0012793083257617427
746 0.0012563368115827995
333 0.0012562242451774632
685 0.0012536605510664442
418 0.0012252542713047604
501 0.001209649853528169
455 0.0012096152829036398
283 0.0012092458281245653
678 0.0012036439660373316
380 0.0011887843058694908
447 0.0011880170003087333
281 0.0011875252782802426
428 0.0011850207790402869
301 0.001181837650753136
631 0.0011773613279103638
476 0.001172501950706641
470 0.001151274044054371
705 0.0011476199808173966
323 0.0011465060850585722
657 0.0011401002783161434
526 0.0011386149191665485
484 0.0011338246932282062
322 0.0011226927661078404
763 0.0011222807059486652
1028 0.0011164824041422835
482 0.0011139018164949182
531 0.0011132435905943793
679 0.0011080278492898745
521 0.0011077256192275583
485 0.0011059779363312954
449 0.0010971650992317135
520 0.0010930892599370523
663 0.0010923263187754752
509 0.0010912729659581664
504 0.0010864249371026812
747 0.0010772758089866619
1016 0.0010667357070402875
382 0.0010633406339857225
473 0.0010613655403688817
1047 0.0010563484000401036
285 0.001054943580794198
404 0.0010537457420238942
549 0.0010435583617569354
421 0.0010434587238199197
528 0.0010433390353393754
510 0.0010424883540928822
708 0.0010383533720229826
709 0.0010351814319612092
554 0.001034610552092631
293 0.0010335034403333155
578 0.001033185180297228
436 0.0010271161794980653
291 0.0010260049285982786
356 0.0010219324166528497
715 0.0010208058469475675
693 0.0010207624908620879
665 0.0010207448291931378
317 0.001019098846610906
751 0.001016981354383585
659 0.0010144234597180106
576 0.0010104686942623746
636 0.0009994220825948698
755 0.0009935181141317996
378 0.0009908325041355554
642 0.0009811064264892862
506 0.0009693613084606114
756 0.0009600139867460847
762 0.0009587542394474324
386 0.0009575908737773062
307 0.0009477656841332543
399 0.0009466268245328146
699 0.000944159477538516
425 0.0009440739102415229
792 0.0009427301159192069
340 0.0009292142747201938
596 0.0009175165247385159
729 0.0009167602604457507
448 0.000915297343216924
381 0.0009141574732279763
319 0.0009111958686391542
518 0.0009096325456731883
928 0.0009081742480592767
430 0.0009044104669047082
658 0.0008950643428542729
315 0.0008924903661512735
429 0.0008808367814756156
290 0.0008770684870269246
507 0.0008746524837015389
652 0.000874437959125808
673 0.0008739847918272874
321 0.000863893189148719
781 0.0008589412312557321
478 0.0008583074843138433
401 0.0008574392655181833
1074 0.0008556574105773155
420 0.0008519416507554176
866 0.0008516631537755298
517 0.0008496795488115685
529 0.0008416076755262482
720 0.0008399679905396623
417 0.0008374312326948326
326 0.0008370585531656543
412 0.0008303015957482914
465 0.0008273206739397239
347 0.0008241751710478589
625 0.0008240969092227436
820 0.0008233012113483132
1011 0.0008212429723151195
831 0.0008172652761237925
327 0.0008158049978750203
710 0.0008148727908844371
461 0.0008135936964512455
640 0.000812054182517487
1039 0.0008097342313458148
408 0.0008045196321946782
815 0.000801523807947803
358 0.0008008526748159202
1014 0.0007979554474969452
778 0.0007905654079976799
627 0.0007822210711695804
919 0.0007815108678901115
558 0.0007803568295467319
629 0.0007794371504488713
662 0.0007752008075544028
661 0.0007736918595496063
569 0.000770206478700879
530 0.0007686413920033527
584 0.0007625147644044123
477 0.0007624276365710254
823 0.0007601579895276404
780 0.0007599122883182604
384 0.0007598085833992413
387 0.0007575319916689565
926 0.0007563408419862479
1101 0.0007513535081358398
316 0.0007502493044613159
346 0.0007491159519149465
724 0.0007487587288551717
825 0.0007458027211052959
736 0.0007448683675650458
1012 0.0007421934174573606
310 0.000737965904671591
469 0.0007353587099357215
959 0.0007324924666475219
519 0.0007295417715770995
304 0.0007276140104683844
647 0.0007237225081347906
790 0.0007229064973262608
392 0.0007207925384888255
650 0.00071863179285768
325 0.0007183003783436152
525 0.0007093513310750877
371 0.0007075904558507693
826 0.0007063356841051897
303 0.0007055997959764714
343 0.0007043318676595964
468 0.0007019710245234039
727 0.0007002363346382989
332 0.0006994260896928965
324 0.0006973115926221514
1035 0.000693187728967801
505 0.0006930893204062277
463 0.0006920743105144864
616 0.0006914755589135902
491 0.0006888537892756673
452 0.0006862596781329115
396 0.0006856001841073824
879 0.0006766278731180865
930 0.0006749630461753924
690 0.0006747167732239434
604 0.0006714258107671868
391 0.0006692511045634869
1048 0.0006662611438504396
949 0.0006645667672803173
458 0.0006641773165261541
488 0.0006614507115580098
414 0.0006606367775165415
939 0.0006606253253770246
553 0.0006572742918252273
434 0.0006571711387976467
707 0.0006549072224059196
722 0.000654374756558575
581 0.0006538813227568405
561 0.0006535559067095235
737 0.0006515758788018973
280 0.0006504430965335233
770 0.000649299892302825
696 0.0006491250697397352
744 0.0006490014470547353
497 0.0006487513688416707
672 0.0006477534519620814
416 0.000647239277073489
969 0.0006465475000925012
750 0.0006423417035781111
1041 0.0006421149366395668
633 0.0006416101568620906
607 0.000638715345802239
717 0.0006367721184501585
924 0.0006367102098740368
606 0.0006362952117594653
516 0.0006345097584466439
895 0.0006317087322331127
702 0.0006256338594759287
1073 0.0006253383343976147
716 0.0006241665085073402
686 0.0006238615489280986
513 0.0006234962036824188
287 0.0006205626841924428
502 0.000620027409918291
721 0.0006152666998650528
450 0.0006119660892017452
946 0.0006112629395137322
713 0.0006109721360932267
619 0.0006075582310835537
864 0.0006074910550795413
481 0.0006066317860292358
544 0.0006038048493250998
366 0.0005961474797503834
768 0.000595803162357078
409 0.0005928521928334138
676 0.0005914428772056319
499 0.0005909824921146387
1119 0.0005895954347720401
395 0.0005889621726951856
609 0.0005885618017080429
649 0.0005882667977943004
492 0.0005834415501172857
855 0.0005829848328046573
942 0.0005811511934766713
648 0.0005799549351228098
292 0.0005793419639861154
277 0.00057557669920725
789 0.0005736714573824589
712 0.0005733671886002024
541 0.0005719637933904977
849 0.0005695737087824406
570 0.0005689583720411611
806 0.0005666873198027601
552 0.000565433077682305
675 0.0005648649761788638
632 0.0005642834389564841
338 0.0005623128815678811
493 0.0005600841957481128
542 0.0005591111056503285
728 0.0005559438586426792
466 0.0005553552877408211
487 0.0005540635137578889
1118 0.0005538282807674249
331 0.0005497666702426725
1135 0.0005492927593758108
1228 0.0005476270678389563
614 0.0005471342402528062
512 0.0005457808771597169
467 0.0005435104714859623
494 0.0005434133280884924
1046 0.0005427065758816231
562 0.0005414578436946807
931 0.0005402232738997273
761 0.0005400797130343506
955 0.0005380637960707706
295 0.0005371555198659815
871 0.0005367293423074839
824 0.0005359607586224852
794 0.0005357971458417826
486 0.0005356997248046053
674 0.0005328707020039567
495 0.0005296546828556861
602 0.0005289587106943223
615 0.0005278700941690793
365 0.0005268264224104972
489 0.0005217197555583682
441 0.0005213193215808816
540 0.0005176154810051401
810 0.0005164720412167794
1044 0.0005124505465379383
956 0.0005093636752694943
772 0.0005083799711617443
941 0.0005065398445261692
1065 0.0005056299049061109
671 0.0005003822463167013
305 0.0004989934610428823
689 0.0004979613307480331
741 0.0004962980474587398
413 0.0004953932533141839
934 0.0004948528091079592
809 0.0004938766590296483
575 0.0004928885690674417
783 0.0004924708797159564
944 0.0004919065462511094
993 0.0004902356811862538
363 0.0004900556868409941
802 0.0004886219110537434
379 0.0004876270247285307
354 0.0004874124494230418
577 0.0004835193963978704
1091 0.0004821812434390536
312 0.00048213848814577165
444 0.00048195131800932584
923 0.0004813920449652997
490 0.0004810300464712635
1188 0.0004761925608690942
847 0.0004759235262870823
1009 0.00047590781920984533
595 0.00047458824430202795
1217 0.0004731307010751405
731 0.0004729414971852889
664 0.000472337358571221
682 0.0004718109708632946
921 0.000470922417429393
771 0.0004706161726095596
369 0.00046870543689579166
306 0.0004675542946644523
697 0.0004660250618267583
1267 0.0004655558316380116
840 0.000464782817972029
1210 0.0004631580832146414
583 0.00046086684126327843
1221 0.00046012339372980657
977 0.0004595893426283633
833 0.0004594015776556769
610 0.00045857465593778673
943 0.0004575618519389701
1110 0.00045737369578247283
785 0.00045400926999604463
769 0.00045147235570522495
827 0.0004492645050103055
373 0.00044855606705729843
589 0.0004484109353366899
765 0.0004473108621949693
1098 0.0004471801392250307
503 0.00044709305765178463
951 0.00044683937347439766
638 0.0004432383187076771
1010 0.000442075830427262
687 0.0004418674737420068
585 0.0004410868630542866
622 0.00043916995286127734
278 0.0004371333759128139
796 0.00043666724999399963
1079 0.0004333812363112404
1220 0.0004332776273900334
639 0.00043205045555242853
873 0.00042832095297229547
740 0.00042803159053283796
723 0.0004264687506550512
1139 0.00042484807565646966
364 0.00042336598733544006
299 0.0004228041125978226
1050 0.00042131155092786995
345 0.000419926681319908
311 0.00041907905075830207
620 0.00041759130394436277
623 0.0004172396099510838
656 0.00041681245251108434
1017 0.0004148685847792065
586 0.0004119041830443359
813 0.00041185926611412514
1090 0.00041055489844362564
670 0.00040934731606673486
988 0.0004062484419516401
535 0.00040393050756695027
637 0.0004034591667258084
644 0.0003984097479735022
945 0.0003968503229615335
524 0.00039671771442760913
571 0.0003943205651062864
940 0.0003937071643131771
841 0.00039318659097357017
572 0.0003927091602188577
406 0.0003916868151657518
456 0.00039145311714723895
856 0.00039108250135252016
646 0.00038960334595177485
779 0.000387865293513733
844 0.0003878001270799703
537 0.000387088851655502
952 0.000387035152906616
297 0.0003868765316230599
774 0.0003853920710403613
975 0.0003849994452648426
611 0.0003848648131846282
843 0.0003840856322590857
694 0.00038368206344478734
407 0.0003818426509220848
808 0.00037951193754596585
890 0.00037831821331943784
760 0.0003781127867227753
1007 0.0003747593412731157
719 0.00037420243056713746
1063 0.00037300224636363727
963 0.00037247707342433456
372 0.00037134217690956136
334 0.0003709778996717559
929 0.0003686962227486695
1197 0.00036801440960500834
653 0.00036528685825394056
1021 0.00036523436982892506
972 0.0003636587674921763
875 0.00036299858067133443
630 0.0003624041372761415
388 0.0003621536577673939
805 0.0003620200233107156
464 0.0003609932485916434
1042 0.0003589540138053648
961 0.0003579049537203452
547 0.0003574880621432066
500 0.0003559463932759719
846 0.0003551570903555962
743 0.00035457850856334934
426 0.000354465393735821
797 0.0003537580718165845
612 0.00035332171776733214
567 0.0003514619565352775
775 0.00035101389988098343
1142 0.00035056417287511287
971 0.0003489335285791769
1134 0.0003486129710948549
1244 0.0003473293712718035
573 0.0003468279438200293
887 0.00034666421474085536
522 0.00034578796445218995
1020 0.00034474868184639393
932 0.00034221718960236367
1170 0.00034133111308137516
608 0.0003407194271860226
1194 0.0003403124421624794
1018 0.00034023291312245297
734 0.0003397033775238052
842 0.00033927626814427036
1067 0.00033849596630141466
922 0.0003370044822155599
1133 0.00033557181147001987
1089 0.0003329518598000673
415 0.0003325399590039178
1226 0.00033246509524510645
800 0.000331749436236048
1411 0.0003310765332400849
738 0.0003306906425751069
1109 0.00033067653997992646
819 0.0003304969736543621
979 0.00033040798803119794
383 0.0003286446891448963
1136 0.00032837616170263854
1045 0.00032646163786669344
749 0.00032354029347205903
1070 0.00032340979956271826
538 0.00032272808071055363
1008 0.0003216556508525431
563 0.000321176513690402
966 0.0003206403699733089
1215 0.00031993708126642524
605 0.00031829757897487595
370 0.0003159957897191296
1013 0.0003155560497902538
368 0.0003155376029490871
398 0.0003137728630299309
580 0.000312737811665159
342 0.00031197200155181747
950 0.00031136350440900105
880 0.0003102986207865188
1051 0.0003094877174165155
984 0.00030753843170792234
564 0.0003064370535824279
974 0.00030522652946963385
1222 0.0003040420429126454
641 0.00030216672321745254
886 0.00030166548912206214
389 0.000301232696555916
1053 0.00030087266330599595
1113 0.00030023862931290195
925 0.00029893387964219446
892 0.00029809723704193197
1019 0.0002972917412799339
613 0.00029636137612051156
837 0.00029619492717115756
375 0.000296155165486972
898 0.0002956461696760744
877 0.00029540296595770196
645 0.00029505516410998825
948 0.000294599377911057
1060 0.00029367801306209927
330 0.0002922501664052506
1126 0.00028937146911175456
1208 0.00028865087433218786
896 0.00028824749194877907
1147 0.0002879651172325371
1033 0.0002870556529358538
1218 0.00028702544893989106
960 0.00028667284097816804
764 0.00028647654975957106
754 0.0002860988380759073
902 0.00028601688122267105
624 0.00028521124861091474
876 0.0002851728516148705
953 0.00028516028352806497
551 0.00028502292329852293
1037 0.00028404063447022896
1095 0.000283718141789425
836 0.0002807229981743332
869 0.0002805857938504229
752 0.00028038941180857447
683 0.0002802312012572
355 0.0002766513993763095
344 0.00027508685442631547
1059 0.0002740955705256887
900 0.0002740099696456156
1023 0.0002711665993261345
1168 0.00027115343647171017
980 0.0002690535115888581
881 0.0002689977846353541
1006 0.0002680355221887619
539 0.0002674880056680501
1132 0.00026582280613450114
1407 0.0002641758625487679
279 0.0002637600333965847
1231 0.0002626269113491111
1248 0.00026246117580811684
818 0.000260079808750047
1107 0.0002599298100611573
376 0.0002595404816508256
336 0.00025917835570548177
1157 0.0002588080577195544
339 0.00025864811527474564
936 0.00025804310419560143
329 0.00025799303052930866
1178 0.0002577609195147127
829 0.0002575826800711074
445 0.0002574781291610688
795 0.0002565694041172403
821 0.0002561622912797345
1036 0.00025543764700410336
1206 0.00025536240423348444
874 0.00025504465314127837
872 0.00025500704335635965
1478 0.0002540404613636595
635 0.00025385725810399615
753 0.0002536806246388574
1052 0.0002531931834932807
1129 0.0002529356598321192
704 0.0002518750408895206
730 0.000250906089980726
863 0.00025044192512868303
460 0.0002503217682062353
634 0.0002501120907421462
1240 0.0002498353984004739
834 0.00024920541406674434
965 0.0002491165978196939
1078 0.0002481116288562586
1034 0.0002480805234987069
1103 0.0002460737584062968
725 0.00024606101147237367
350 0.0002456619645185119
865 0.00024550304164218796
565 0.0002452101254732146
422 0.0002451918608938709
601 0.0002446117258208057
1069 0.0002444709848282843
1025 0.00024352596666260727
1284 0.00024288045012518916
978 0.00024262214888014702
1239 0.00024159027498038438
1153 0.00024080077445874214
1160 0.00024057680485466652
1115 0.00024048007425412065
700 0.00024018914674048362
801 0.00023384085023521882
1232 0.00023298626872157737
812 0.0002312903804423366
816 0.00023087869421172427
543 0.00023072895320031144
1209 0.0002302756539249959
962 0.00023018523316089567
1049 0.0002299031690011027
560 0.00022935987149942286
1137 0.00022815173420812708
579 0.000227317057157181
1230 0.00022620292484072462
878 0.00022619791882085008
1112 0.0002258906921908593
1140 0.00022520616541374185
1163 0.00022501178121059145
1005 0.00022484683970197943
688 0.00022361328614074245
1093 0.00022354945022321298
1149 0.00022286952555408723
786 0.00022215319180630017
1311 0.00022192244157654087
1303 0.00022085136827286326
1286 0.0002203092279222928
1030 0.0002199549233659919
1207 0.00021961886196810918
832 0.00021868910283372886
997 0.00021860987604608125
557 0.00021643606596372992
1040 0.00021480838306507042
1199 0.0002146697106705651
680 0.00021454290993233932
1203 0.00021451286823563325
1086 0.00021443161236143807
1057 0.0002141678291659753
1061 0.00021351699578450793
320 0.00021325070153311283
1219 0.00021244119767613792
400 0.0002120662078676219
459 0.00021164822180665317
758 0.0002109870062966476
703 0.00021040794011206084
457 0.00020943448374512242
453 0.00020925525617187515
773 0.00020821440338679507
574 0.00020664701771095712
1054 0.00020657672140468196
1185 0.00020631658951329447
618 0.00020518301952796136
882 0.0002050542550817719
1121 0.00020472221201931265
1444 0.00020454446822411313
1258 0.0002038935897219533
1245 0.00020366778582943517
733 0.00020337756959898766
1058 0.00020233985945301454
904 0.00019866798674643107
986 0.00019834668498028103
1224 0.00019682289047398226
1419 0.00019601988139068068
905 0.00019552254281137525
854 0.0001945111862721005
349 0.00019307181124584996
811 0.00019250883947246667
916 0.0001914841136358853
745 0.0001913924660661973
1097 0.00019105560598110634
1071 0.0001895875762288152
782 0.00018858665109473938
995 0.00018770546120679577
1022 0.00018741836316879832
1152 0.00018690373476999047
1066 0.00018680188072342765
1421 0.00018639867850886796
982 0.00018636611367858853
1182 0.0001860901901260908
587 0.0001859150587289616
862 0.00018585910623283465
998 0.00018577846039700914
454 0.00018563488412976173
532 0.00018549307819255815
1183 0.00018515641835264616
1032 0.0001848488773119244
937 0.00018430581510361905
1166 0.0001837294261420833
990 0.00018367275544750597
1029 0.00018362795629772312
853 0.00018303448655771702
590 0.00018246811943576274
1273 0.0001800109605108116
968 0.00017974974170713897
1446 0.00017970845639548357
556 0.00017958243507494383
1120 0.00017887316659146127
726 0.00017874989823991395
1225 0.00017708973224120223
787 0.00017621313404314644
440 0.0001761326841267612
985 0.0001756651426860831
1315 0.0001750908048950273
933 0.0001749635754288819
1401 0.00017480441925609694
617 0.00017444978409635663
377 0.00017399054351791162
362 0.00017392537336323777
860 0.00017357159715794117
1518 0.00017257782596650847
681 0.0001725017920846664
1291 0.00017202575124125344
308 0.00017161756897606735
1204 0.00017145908988644957
1001 0.00017105844395279095
989 0.00016952096020820601
1285 0.0001685727055088465
1428 0.00016830648221158255
424 0.00016793984708793905
348 0.00016749344945787516
1131 0.0001674195433634299
807 0.00016604383866827892
1297 0.0001646158310741135
1076 0.00016447600321681775
1249 0.00016417984746975702
1211 0.00016397382035324802
545 0.00016395349118022902
1084 0.00016316555352700714
991 0.00016307219839068244
1229 0.00016295678712731403
915 0.00016240384823993327
1192 0.00016230007808237836
1092 0.00016213321283920965
718 0.00016110953092058895
793 0.00015991139933767832
351 0.00015966224990620066
533 0.0001589569096878173
759 0.00015884006099641025
397 0.0001586304621512016
1400 0.00015822536285040685
669 0.00015734981531830166
1265 0.00015713258922508651
695 0.00015685700488051352
394 0.00015663149500423488
958 0.0001565200178895964
1277 0.00015630677088919286
803 0.00015592877769315526
1404 0.00015560224240862837
1169 0.00015506081596053587
1172 0.0001546513910038193
1263 0.0001537087152502095
714 0.0001536260345980857
1425 0.00015255174244232817
1469 0.0001517335318350591
1184 0.0001505785604966475
352 0.00014999255197940782
996 0.00014962184484743597
947 0.00014957410019783048
309 0.00014902897741681109
1480 0.00014898238355696435
859 0.00014873602232314445
698 0.00014802583074577703
1274 0.00014747020476452743
555 0.00014688376197852734
767 0.00014660442938716194
1143 0.00014627721433708486
967 0.00014611321949145926
1117 0.000144578820579052
1451 0.00014386316686992688
1128 0.00014381878532516206
1283 0.00014322300227968636
1479 0.00014293451976153462
337 0.00014259655591522107
667 0.0001425351059849012
548 0.00014184449999362213
1195 0.00014178972846657224
791 0.00014154531355878137
534 0.00013905836164697792
835 0.00013893344301029278
621 0.0001388718711126309
374 0.00013867918838693962
1088 0.0001381278885039625
906 0.00013793779551734355
1180 0.0001377897840117714
954 0.00013728558193705766
903 0.00013616198138246134
593 0.00013545018552982543
1000 0.00013531602960658597
983 0.00013530445988277551
1099 0.00013477954657755003
798 0.00013456713842834503
1540 0.00013444479052964828
1296 0.00013411976831346174
1187 0.00013380296386068945
1266 0.00013345668886458943
1085 0.00013345361410534585
1268 0.00013279055996561192
1179 0.00013248361686313265
1176 0.00013089070910410789
1167 0.00013059163095422203
1165 0.00013056027043655523
1337 0.00013050982158650551
1181 0.00013040335568720226
1314 0.0001293926028828477
592 0.00012904960848994854
1161 0.00012872095129026745
964 0.0001280498651638184
1116 0.0001278097560267141
1055 0.00012701627777713962
889 0.00012641253746449157
999 0.00012629414658779612
804 0.0001262204843887082
536 0.0001251098316461903
776 0.00012509180838164922
446 0.0001240947045906839
1015 0.0001230866073655249
1111 0.00012299079932661037
1426 0.00012291450978195846
1171 0.00012286447750333015
1100 0.00012273639467541206
1437 0.00012199073176771408
848 0.00012184461859320226
1068 0.00012159329837853926
766 0.00012148491053105014
1471 0.00012023670920412322
828 0.0001193078199397576
1056 0.00011929710807289744
1281 0.00011894053034676361
1439 0.00011888287919744375
1336 0.00011785667790998752
1435 0.0001178171166511858
1154 0.00011772988896597547
1004 0.00011772250329608394
1335 0.00011771165549395474
1288 0.00011749647732448616
1198 0.00011701774431640423
1503 0.00011694275680861693
1124 0.00011632656363799321
1193 0.00011522567045695453
885 0.00011456235131165665
1415 0.00011427972822628394
1214 0.00011410407359031231
1441 0.00011363412256192216
1174 0.0001131149935627325
894 0.00011273991528557896
1269 0.00011239291422719493
353 0.00011192056999537245
1087 0.00011125729970773806
867 0.00011089142947867805
918 0.00011078500977147904
938 0.00011077298959154243
390 0.00011067960185166475
1278 0.0001098603799115382
335 0.00010985505657603578
1145 0.00010967625154913971
976 0.00010929483180002387
888 0.00010865176676982679
1141 0.00010720966444580569
1108 0.00010692074550438842
1252 0.00010642434795099244
691 0.00010593821340038517
970 0.00010496460680012024
1473 0.00010485861589981822
1475 0.00010456429573416986
1262 0.0001045097114907996
1159 0.00010424805371378133
870 0.00010361808702333226
1531 0.00010356166476441332
914 0.00010325583232416684
901 0.00010217649977799619
1375 0.00010186627638215454
912 0.00010135278662331495
908 0.0001011956460415087
1271 0.00010097267634978276
1227 0.00010083645209748641
1483 9.947324872044534e-05
909 9.940002121347808e-05
1305 9.934313088250172e-05
1445 9.896066834164181e-05
1148 9.880806133562437e-05
668 9.818509461018791e-05
341 9.798230841014189e-05
1105 9.76979228682347e-05
1282 9.76310934261211e-05
1276 9.71450251906497e-05
1072 9.661913164230946e-05
1253 9.650494559138142e-05
1379 9.610245185948017e-05
1151 9.588685789747142e-05
1077 9.555943582656838e-05
1456 9.543095082747097e-05
1082 9.470002507018932e-05
883 9.448100550525137e-05
1202 9.424977993853243e-05
1413 9.373104882790467e-05
1615 9.34600775919456e-05
1173 9.31202860217885e-05
1255 9.258265802618212e-05
1462 9.232351266944093e-05
1002 9.213595473731174e-05
1438 9.161390038589795e-05
1247 9.111448177547572e-05
1280 9.08147199992107e-05
1246 9.02893994965975e-05
438 9.016522658422744e-05
1298 9.000539868458756e-05
1114 8.95610129755877e-05
1038 8.92491672280841e-05
1031 8.914731622112759e-05
1094 8.89882070853905e-05
1250 8.886502453726733e-05
1499 8.879299013597759e-05
1522 8.830588781747972e-05
1213 8.777124991024392e-05
1200 8.761853543424393e-05
1177 8.721368682017558e-05
917 8.676253929386387e-05
1024 8.651018521783254e-05
1043 8.636873458569662e-05
1376 8.603336849810904e-05
1449 8.602456792510029e-05
359 8.586908256782881e-05
1075 8.581243952381045e-05
1003 8.537025556182835e-05
1553 8.440648223804242e-05
899 8.369558658026589e-05
1300 8.335766837400953e-05
1150 8.314041816447364e-05
1409 8.302336539965602e-05
1529 8.22559483311205e-05
1560 8.154358673929426e-05
1468 8.12908393265726e-05
1205 8.119885510641262e-05
1509 8.071018989504701e-05
1279 8.052197865292752e-05
927 8.045941013493002e-05
1270 8.027301615193947e-05
1062 8.024155903072624e-05
893 7.9838886734248e-05
981 7.982506923634999e-05
1322 7.974658360534972e-05
594 7.931509320354133e-05
1081 7.876569399026175e-05
1514 7.817787672225903e-05
1501 7.75288072699958e-05
1412 7.698712028410725e-05
1530 7.694359903180125e-05
1264 7.686043348100388e-05
1517 7.651674274449283e-05
1423 7.60945564277092e-05
1313 7.517003552006432e-05
1535 7.450862190471501e-05
1312 7.433374937022613e-05
439 7.354661179721395e-05
437 7.354661179721395e-05
1440 7.335515213433375e-05
701 7.328084536624564e-05
777 7.321523837168968e-05
1353 7.255072489048721e-05
1539 7.235942335430096e-05
757 7.221210484640415e-05
1495 7.115095763061387e-05
1378 7.09693869263367e-05
851 7.095437112262192e-05
884 7.093156290826506e-05
1474 7.068880572780624e-05
666 7.038391370298799e-05
1487 7.011245377220392e-05
1289 6.998104425412206e-05
1459 6.966095267879603e-05
626 6.918515813258699e-05
1490 6.91078163074123e-05
1212 6.894302370110379e-05
994 6.867587285819652e-05
911 6.852958821531064e-05
1466 6.710518582899823e-05
935 6.673568379064711e-05
1524 6.668146775341436e-05
1190 6.666470859270354e-05
1454 6.661026382656236e-05
442 6.653746066299387e-05
861 6.629631675891023e-05
1261 6.6228012072009e-05
1102 6.621912733990724e-05
1368 6.603962367829665e-05
1319 6.596607016056704e-05
1488 6.570678574784245e-05
1397 6.552047629498378e-05
1380 6.515391319580508e-05
1299 6.494028556786005e-05
1620 6.424426038304145e-05
799 6.413160691738617e-05
1394 6.411876537158693e-05
1555 6.401978619570324e-05
360 6.39330568798777e-05
1388 6.392831912636203e-05
920 6.372581920068768e-05
1393 6.340976574878619e-05
1346 6.316610449156592e-05
1223 6.280567069530343e-05
1275 6.27211640570632e-05
1427 6.267103994325467e-05
1512 6.22037019778008e-05
850 6.211523991639357e-05
1356 6.181492473211109e-05
858 6.17673551882768e-05
1254 6.174196965604073e-05
1351 6.171103313487484e-05
706 6.142069989159537e-05
822 6.140184760138549e-05
1344 6.120143693030538e-05
1448 6.107634578988004e-05
1489 6.092923452844313e-05
1470 6.062566109165837e-05
1216 6.041584568708243e-05
1589 6.038098449000565e-05
1558 6.0296612480877315e-05
1338 5.9967819584876844e-05
1162 5.9940485066752646e-05
910 5.987106852353481e-05
1406 5.949627429826674e-05
1287 5.887295746279415e-05
1317 5.86203935931263e-05
1416 5.850811753996082e-05
1405 5.8450725791063125e-05
1516 5.828934329275579e-05
1242 5.820143034963121e-05
1382 5.817855529322327e-05
1301 5.813122201574513e-05
1186 5.7936945285545676e-05
1585 5.7830876866545696e-05
1578 5.7830876866545696e-05
1554 5.7830876866545696e-05
1549 5.7830876866545696e-05
1434 5.782849147291583e-05
1442 5.7798868235857875e-05
1545 5.764121141517393e-05
1395 5.751656714314365e-05
1496 5.7253401743644e-05
1316 5.6976753002183805e-05
1403 5.6716042979906896e-05
1381 5.64805214124101e-05
1083 5.612755357968411e-05
1391 5.6108203975304914e-05
1387 5.6108203975304914e-05
1384 5.6108203975304914e-05
1422 5.6008942734137516e-05
788 5.5962037625765294e-05
1369 5.566910094020755e-05
1552 5.5564960007094685e-05
1592 5.511133529006518e-05
1511 5.5027066491424285e-05
1333 5.4766951438478665e-05
784 5.475809366929254e-05
1521 5.441283680445574e-05
361 5.432548154229585e-05
1424 5.4167469152170493e-05
913 5.4147301132949016e-05
1484 5.409309725039819e-05
1257 5.357754337090684e-05
1591 5.353625899367383e-05
1506 5.350217631204986e-05
1260 5.347611253082474e-05
1324 5.3383966059921546e-05
1164 5.3245998032007714e-05
598 5.324455368061352e-05
1370 5.28824429961223e-05
1402 5.2354552442597704e-05
314 5.207110640732696e-05
1408 5.1990384610596655e-05
1295 5.1666915416611704e-05
1628 5.162836300385762e-05
1383 5.13932727200737e-05
1538 5.104923633996072e-05
1318 5.049766286310713e-05
1027 5.002011427501379e-05
1418 5.0006846676916635e-05
1361 4.985979715394035e-05
992 4.948450670263875e-05
839 4.928115367812705e-05
1643 4.918032322225213e-05
1158 4.895375461963407e-05
1328 4.888518400752645e-05
1605 4.882516025500725e-05
1106 4.847417483360452e-05
643 4.8458838644831954e-05
1623 4.805889692237478e-05
1104 4.7996994583475324e-05
1410 4.7988385365147665e-05
1399 4.7802711360425806e-05
1146 4.7607745257382424e-05
1600 4.747066495015316e-05
296 4.741365295444294e-05
1359 4.712812058475422e-05
1334 4.712812058475422e-05
1330 4.69436366138811e-05
1272 4.654211996390714e-05
1386 4.639786138989398e-05
1241 4.635643021548325e-05
1196 4.620896473603962e-05
1485 4.595631966090361e-05
817 4.578397732680875e-05
1377 4.566750060130108e-05
1251 4.554536627685128e-05
1550 4.475464200029374e-05
1385 4.4746830420646847e-05
1597 4.390161167946609e-05
1256 4.345824056734156e-05
1544 4.3396155887302506e-05
838 4.3235568162215655e-05
1123 4.298279846739884e-05
1238 4.2648738784629226e-05
1367 4.257891085692345e-05
1326 4.249418193237306e-05
868 4.238875844727275e-05
1355 4.217638527627502e-05
1290 4.195109161418088e-05
957 4.1731861069531464e-05
1464 4.166621105152658e-05
1302 4.163583031851841e-05
1639 4.1320536818213644e-05
973 4.1135974638828945e-05
1631 4.087575571232651e-05
1144 4.0558311118433046e-05
1189 4.0336347889735596e-05
1481 4.0192303366169056e-05
1629 4.011908572942268e-05
1508 3.994075466413422e-05
1573 3.979503804690454e-05
1443 3.929393713211125e-05
1233 3.922676964443195e-05
1519 3.890994471086682e-05
1642 3.872941479881107e-05
1436 3.867595802556465e-05
1465 3.8556767940107156e-05
1392 3.847826828873612e-05
1551 3.8364169905936374e-05
1547 3.8364169905936374e-05
1138 3.834389430008266e-05
1590 3.820107975843741e-05
1588 3.820107975843741e-05
1664 3.787041118789911e-05
1644 3.758949640239389e-05
1292 3.703945953155133e-05
1396 3.7006695262422224e-05
1607 3.670742006902704e-05
1155 3.64294249696598e-05
1321 3.634289958777993e-05
1331 3.586116144501763e-05
1175 3.50845170319505e-05
1064 3.504207116971753e-05
1598 3.4918498231919514e-05
1432 3.468311752407103e-05
1532 3.399128175105462e-05
1429 3.3930210781589017e-05
1646 3.328177772523151e-05
1602 3.281600504594278e-05
891 3.277095348584623e-05
1609 3.2590214348727113e-05
1537 3.248331428657876e-05
1556 3.23731399336064e-05
1527 3.2323450385499534e-05
1389 3.2024641593630075e-05
1308 3.1996565364491364e-05
1307 3.1996565364491364e-05
1306 3.1996565364491364e-05
1608 3.180440370470893e-05
1594 3.1535290712510057e-05
1497 3.070142955793494e-05
1513 3.0358150973449782e-05
907 3.0173655825241384e-05
1534 3.0059480960549925e-05
1259 2.9837118787004443e-05
1372 2.9645046638709118e-05
897 2.957406741175574e-05
1026 2.9329164616988677e-05
1587 2.9220760173235606e-05
1586 2.9220760173235606e-05
1584 2.9220760173235606e-05
1583 2.9220760173235606e-05
1582 2.9220760173235606e-05
1581 2.9220760173235606e-05
1580 2.9220760173235606e-05
1579 2.9220760173235606e-05
1577 2.9220760173235606e-05
1576 2.9220760173235606e-05
1575 2.9220760173235606e-05
1574 2.9220760173235606e-05
1572 2.9220760173235606e-05
1571 2.9220760173235606e-05
1570 2.9220760173235606e-05
1569 2.9220760173235606e-05
1568 2.9220760173235606e-05
1567 2.9220760173235606e-05
1566 2.9220760173235606e-05
1565 2.9220760173235606e-05
1564 2.9220760173235606e-05
1563 2.9220760173235606e-05
1562 2.9220760173235606e-05
1561 2.9220760173235606e-05
1559 2.9220760173235606e-05
1557 2.9220760173235606e-05
1548 2.9220760173235606e-05
1546 2.9220760173235606e-05
1504 2.8837942188820746e-05
1651 2.8610050610759513e-05
1650 2.8610050610759513e-05
1649 2.8610050610759513e-05
1648 2.8610050610759513e-05
1647 2.8610050610759513e-05
1645 2.8610050610759513e-05
1641 2.8610050610759513e-05
1640 2.8610050610759513e-05
1638 2.8610050610759513e-05
1637 2.8610050610759513e-05
1636 2.8610050610759513e-05
1635 2.8610050610759513e-05
1634 2.8610050610759513e-05
1633 2.8610050610759513e-05
1632 2.8610050610759513e-05
1630 2.8610050610759513e-05
1323 2.8421694731607032e-05
1350 2.7972733656538257e-05
1125 2.7956138463814905e-05
1450 2.781019990875452e-05
1127 2.7801934336821695e-05
1420 2.7757827162166834e-05
1327 2.7471178080925018e-05
1398 2.7404662619835236e-05
600 2.7146144341784436e-05
1455 2.6997585668199358e-05
1390 2.6887087044790546e-05
1360 2.6830823114344684e-05
987 2.678312455328126e-05
1347 2.6708281064800434e-05
1294 2.6269460355433612e-05
857 2.5537301339321246e-05
852 2.5537301339321246e-05
830 2.5537301339321246e-05
814 2.5537301339321246e-05
1658 2.5180038162046114e-05
1332 2.483913528305842e-05
1371 2.4342243836527912e-05
1463 2.4338733762307723e-05
1491 2.3588190235690416e-05
1502 2.3547034927124764e-05
1477 2.3495651701266128e-05
1528 2.3189853738066954e-05
1096 2.3019921187934792e-05
1243 2.2841678977057653e-05
1345 2.2542813691253033e-05
1542 2.2205134825561626e-05
1541 2.2160674930124503e-05
1374 2.2076026736005198e-05
1603 2.2061767143386953e-05
1523 2.176294683528131e-05
1482 2.175638686373226e-05
1622 2.151794628466842e-05
1362 2.1253902658829306e-05
1358 2.1139540758734532e-05
1467 2.0585716034361937e-05
1461 2.0526046585164904e-05
1460 2.0526046585164904e-05
1458 2.0526046585164904e-05
1457 2.0526046585164904e-05
1453 2.0526046585164904e-05
1452 2.0526046585164904e-05
1447 2.0526046585164904e-05
1357 2.037189827582656e-05
1080 2.023033962353065e-05
1365 2.0221707056967037e-05
1500 2.0217453026147005e-05
1510 2.0061321895723635e-05
1672 1.9865021571890935e-05
1234 1.981152160094082e-05
1354 1.9595203622676362e-05
1237 1.953627113490612e-05
1342 1.896600885038953e-05
1610 1.8904085273071272e-05
1498 1.8435879357852745e-05
1494 1.8435879357852745e-05
1493 1.8435879357852745e-05
1492 1.8435879357852745e-05
1486 1.8435879357852745e-05
1373 1.7907018941893044e-05
1366 1.7907018941893044e-05
1364 1.7907018941893044e-05
1363 1.7907018941893044e-05
1352 1.7907018941893044e-05
1349 1.7907018941893044e-05
1348 1.7907018941893044e-05
1343 1.7907018941893044e-05
1341 1.7907018941893044e-05
1340 1.7907018941893044e-05
1339 1.7907018941893044e-05
1329 1.7907018941893044e-05
1325 1.7907018941893044e-05
1320 1.7907018941893044e-05
1611 1.7292918747310184e-05
1515 1.6857168128461797e-05
1655 1.6805326889119017e-05
1304 1.6748138632419766e-05
677 1.6573137742020103e-05
599 1.6573137742020103e-05
1681 1.5193961884684345e-05
1652 1.487644591201945e-05
1476 1.451577062004667e-05
1525 1.4445311131120962e-05
1682 1.4031723809674528e-05
1621 1.3973759156820079e-05
1657 1.3586343488532368e-05
1431 1.3397777345592366e-05
1543 1.3237290070739295e-05
1656 1.3025396534048029e-05
1417 1.3004792083384078e-05
1201 1.292704758017482e-05
1627 1.2871448679141576e-05
1536 1.2524324924761861e-05
1626 1.2429166027148993e-05
1507 1.236631107464017e-05
1505 1.2315113311007512e-05
1660 1.2265644449625355e-05
1659 1.2265644449625355e-05
1191 1.1767070406561069e-05
1599 1.1338504172845005e-05
1612 1.1118233096464906e-05
1526 1.1087501996205635e-05
1130 1.0006524533940682e-05
1662 9.949047430072171e-06
1520 9.68918126659601e-06
1616 9.542888965681472e-06
1677 9.278943718260735e-06
1604 9.142194140899349e-06
1670 8.980684812300454e-06
1669 8.980684812300454e-06
1668 8.980684812300454e-06
1667 8.980684812300454e-06
1666 8.980684812300454e-06
1665 8.980684812300454e-06
1663 8.980684812300454e-06
1593 8.922903644662623e-06
1122 8.767923352262411e-06
1619 8.684172427684937e-06
1596 8.511153722001986e-06
1595 8.511153722001986e-06
1430 8.407477691589588e-06
1676 8.337790533075436e-06
1675 8.337790533075436e-06
1674 8.3184884002122e-06
711 7.875858530218947e-06
1472 7.316537954584982e-06
1293 6.925883095250295e-06
1661 6.915161489648262e-06
1606 6.0960022287514976e-06
1614 5.479313740785629e-06
1601 5.407472240998535e-06
1533 5.380718987741549e-06
1617 4.917795470607919e-06
1433 4.38342950161539e-06
1673 4.1445572476765495e-06
1613 4.038464008821783e-06
1414 4.022883778622377e-06
1680 3.920608234364579e-06
1679 3.920608234364579e-06
1678 3.920608234364579e-06
1156 3.6668414678362273e-06
1625 3.65649634564945e-06
1624 3.65649634564945e-06
1654 3.129931678730028e-06
1310 2.775025022327989e-06
1309 2.775025022327989e-06
1618 2.1959487041917425e-06
1236 2.1692001153129452e-06
1235 2.1692001153129452e-06
1671 2.039956381766051e-06
1653 1.36272682730448e-06
