50,0.003366707850370622
181,0.0031926676475760225
100,0.0031876229171451022
174,0.0029417726483374393
56,0.0028487882028600895
121,0.0027980732710084543
98,0.002774241769382834
204,0.0027721320046228057
1,0.0027576491883266755
79,0.0027246246736194767
172,0.002692983531634668
258,0.00265779576649587
210,0.0026120797936497724
69,0.0026038282531213475
7,0.0025855717154891207
423,0.0025796182798746505
117,0.0025600604076516315
168,0.0025008744925402427
127,0.0024808447039637847
195,0.0024765137951055227
294,0.002470620084532655
96,0.002445710674774873
237,0.002417996018471709
22,0.0024172111578083027
288,0.00241293596164523
405,0.0023909739047781255
173,0.0023872067098484177
82,0.0023813086236185253
28,0.002380417397251338
234,0.002374089536494234
216,0.0023630505591651367
64,0.002342899718147301
89,0.0023240519034246326
202,0.002320145003816421
176,0.0023198897777607936
222,0.0023153272874964974
183,0.0023084126931393243
286,0.002297124711966204
191,0.0022779622799989417
97,0.002239034456347298
151,0.002236771030878135
238,0.0022306678492577973
196,0.002217428784412747
12,0.002213745934790401
70,0.0021958001856268398
186,0.002193301247710039
318,0.002190227856905803
655,0.0021535290680903623
144,0.002123815122290252
132,0.002110589272862362
568,0.002098163978812936
25,0.0020837310397511005
118,0.002081533565287734
153,0.0020796820194614605
135,0.0020734264138313205
228,0.0020592788522102437
300,0.002054598773637863
357,0.002051119761863245
403,0.002049653473512157
4,0.002047771278840534
197,0.0020234710025973687
185,0.002012238418495982
179,0.002007950388216365
11,0.0020069781254959352
71,0.0020068089315746444
265,0.0019894508499394884
88,0.0019879411519837945
143,0.0019772867789155813
182,0.0019717200511677165
211,0.0019656267076482914
161,0.0019632762991645524
385,0.0019532340058387517
257,0.0019259116271391106
9,0.0019228013126259633
313,0.0019180809679424265
8,0.001912788850104362
200,0.0019010056566570216
125,0.0018965820577847568
95,0.0018942486125307944
483,0.0018907709750385416
111,0.001890574352130994
546,0.0018816357630747987
367,0.0018798141708468565
742,0.0018775680381354933
215,0.0018672831660722369
15,0.0018466259148277068
496,0.0018436645862403588
588,0.0018393613303350131
393,0.0018375841237604725
276,0.001833193357127341
433,0.0018276224483144048
175,0.0018254800370636971
194,0.0018239805053446704
208,0.0018151230700487028
230,0.001812990147811092
180,0.0017786917932531088
273,0.001759613493411795
427,0.001754961962587043
566,0.001743379212805582
239,0.0017431361424227272
732,0.0017331095641856156
218,0.0017324472639888855
475,0.0017261679992368563
58,0.001717309488070749
527,0.0017171713107761513
235,0.0017123065146471303
419,0.001712134356370456
209,0.0017057066024930188
229,0.0016953218828694144
603,0.0016899534589463754
99,0.0016891755794874942
187,0.0016856964311472101
511,0.001684184125591028
203,0.001678932764411259
748,0.0016768672353806688
402,0.0016654568807927548
282,0.00165871880745581
275,0.001655222356892119
451,0.0016547615261030826
597,0.001649468652849665
435,0.0016433987333838306
328,0.001636844054541281
739,0.0016360020696390485
302,0.001631239231808793
550,0.001616675803469717
226,0.001616190853592385
154,0.0016099139440560305
474,0.0016015851074402871
134,0.0015955247603185489
188,0.0015938265852618037
83,0.001580716866422263
250,0.0015798464869813595
77,0.0015785173339258275
269,0.0015766701727334058
651,0.0015695938210412946
471,0.0015680955870577154
591,0.0015596223369092304
508,0.0015563247916950023
692,0.0015520021025168529
193,0.0015424628142588965
24,0.0015401747271169205
23,0.0015368398193337637
480,0.0015361563457391581
684,0.0015349061746268084
31,0.0015325677988548584
268,0.0015304985275929404
443,0.001520931688667761
432,0.0015168026811022276
13,0.0015047718566539145
66,0.00148088846666553
582,0.0014786866424629876
411,0.0014719949714093329
94,0.0014712124838887957
68,0.0014680986568644204
472,0.0014652628671002934
248,0.0014633663488696916
284,0.0014626379746978061
42,0.0014615195394782495
735,0.0014607531359540895
227,0.0014574612454961804
479,0.0014532211225427596
133,0.0014511212430468618
431,0.0014391457708753832
274,0.0014266858915593025
147,0.0014247708033140846
559,0.0014073611362298052
298,0.0014048827473770722
660,0.0014040084426922357
1028,0.001402624764747011
164,0.0014015530024253972
685,0.0013994396596161084
156,0.0013966737206813319
514,0.0013914376296812285
231,0.001389795880731321
410,0.001388836705509624
91,0.0013842359218539833
631,0.001382429695807585
498,0.0013742377996373953
845,0.0013739082601829287
322,0.001373449836310818
73,0.0013733026376862713
124,0.001372891786870083
283,0.0013716070199017698
245,0.001367033868973045
55,0.001365798631454991
72,0.001361130741150567
86,0.0013566505662046657
2,0.001353115615579788
289,0.001352925572943786
217,0.001352734297170606
418,0.001352341261322419
199,0.0013517407199003894
515,0.001350604585400414
47,0.0013478879347653648
233,0.0013441840274718384
87,0.0013415781550976593
628,0.0013411978149977138
62,0.0013395759491888805
333,0.0013372986612008842
241,0.0013341269961567772
462,0.0013164087239082227
271,0.001314843641878019
223,0.0013140542343708062
323,0.0013104859001050128
157,0.001309548326379333
523,0.0013023096792120752
746,0.0012914720706657572
447,0.001289421458355242
240,0.0012889895925706886
81,0.0012716295259227073
504,0.0012707875989173927
53,0.0012652117791099003
252,0.0012629145358811335
654,0.0012599789448137898
65,0.0012527934947301612
281,0.0012475593647753224
657,0.0012402777091241007
198,0.0012388162065431446
137,0.0012366020584483842
531,0.001236361257553444
678,0.0012320680368202764
301,0.0012319614119560838
177,0.0012315908027795606
705,0.0012226541263668249
178,0.0012214644087838273
272,0.0012190987037015372
219,0.0012183869227131022
54,0.0012172309040621567
501,0.0012144146662635808
455,0.0012124754287677034
526,0.0012082769035991017
38,0.0012040569856504545
521,0.0011966571950908428
205,0.001196494904332948
449,0.0011964138969981428
509,0.001194051715290491
29,0.0011890088158030806
470,0.0011876506860634853
14,0.001184240362239992
380,0.0011841219358495053
578,0.0011794019772504542
92,0.0011779790497549528
763,0.0011726526458116036
184,0.001168249495829342
67,0.001164691372282587
476,0.0011646862618859982
428,0.0011571031984753404
576,0.0011569606867236658
213,0.0011565312258760459
232,0.0011542427551973658
291,0.001151624070294942
51,0.0011510201370434595
482,0.0011506178336198828
190,0.0011504907847408993
663,0.0011485260031516569
751,0.0011458456506668257
315,0.0011435267638197555
109,0.0011430890206768126
659,0.0011427947802975687
679,0.001142173555850994
1047,0.0011404094602586491
382,0.0011359007941629127
520,0.0011352373167304252
214,0.0011332851497792974
285,0.0011314473300679025
636,0.0011295683977353937
404,0.0011257484176733666
506,0.001123250812139235
150,0.0011199675621877462
554,0.001118886950789969
665,0.0011183016668123566
747,0.0011137508524042103
484,0.0011121111319683926
473,0.0011120610797958224
255,0.0011084583605970764
425,0.0011022549737376751
528,0.0010995896339586072
485,0.0010973710427723924
259,0.0010906957682900644
48,0.0010891395894959972
33,0.0010876833713065778
155,0.001086841339895839
129,0.0010834431668195377
293,0.0010794073184068125
1016,0.0010789903452202115
781,0.0010763425828092072
709,0.0010763314520712958
693,0.0010716830570811045
756,0.0010694684684982474
1011,0.0010694526564237925
386,0.001063110115267722
249,0.0010627586253282553
80,0.0010623368864771583
421,0.001058098669807479
1074,0.0010573986598698855
44,0.0010550116448627073
549,0.0010537033247997698
673,0.0010531520128165821
399,0.001052392560356085
517,0.001051215528948414
762,0.0010482087572013605
510,0.0010455353136434105
378,0.0010421309934701467
356,0.0010400935005891255
52,0.0010397587208240712
708,0.001039058455050622
170,0.0010377115190689224
260,0.001036418735224286
755,0.0010362610341653484
123,0.0010348958069700685
436,0.001034470017475216
715,0.0010326410688137103
90,0.0010323397499207054
163,0.0010302283390370504
340,0.0010282669045572938
417,0.0010261320782979917
49,0.0010210088383280163
699,0.00101966262251563
246,0.0010182621495359507
148,0.0010160325301769297
122,0.0010150460530791207
720,0.0010134701005671543
192,0.0010094107551220724
307,0.001009216816156297
159,0.001007682178586447
162,0.0010064735526117271
212,0.0010009028601172794
815,0.0010002197811489631
116,0.0009998334396610234
866,0.0009989504834978197
63,0.000998747897848088
317,0.0009982359036901822
290,0.0009958601780975444
326,0.0009902551257969516
270,0.0009844837758986313
136,0.0009797456224218846
39,0.00097915850859432
310,0.000979027459471011
5,0.0009785534601536008
225,0.000977064374420526
661,0.000975133716574976
316,0.0009744255398577307
321,0.0009712380828958177
596,0.0009702924752241578
465,0.0009678741781521646
319,0.0009664752747884473
928,0.0009663096709475572
17,0.0009659401795360572
792,0.0009616553738712437
729,0.0009614787171987028
662,0.0009609427418161834
642,0.0009577308783741407
3,0.0009569505344730343
518,0.0009560547515153208
93,0.0009551407902093377
327,0.0009514633237171586
169,0.000951210165035089
131,0.0009508609907459715
347,0.0009505484558840037
401,0.0009456628972388333
448,0.0009443621189476428
478,0.0009437202255606731
430,0.0009428740125715913
658,0.0009422436869476959
201,0.0009346916657644007
625,0.0009327382874326497
381,0.0009321329553155852
332,0.0009200965826631855
652,0.0009186681498990168
101,0.0009177763388554294
469,0.0009139366816216154
820,0.0009130829864933085
507,0.0009124954190310572
727,0.0009113828470061863
325,0.0009071782537111493
778,0.000905168603423138
530,0.000904366362913224
1039,0.0008988642697372114
412,0.0008938286228401496
627,0.0008931709505816851
1101,0.0008919012472018439
529,0.0008907371235262948
1014,0.0008886672073001003
640,0.0008856381905703611
710,0.0008854768652605628
346,0.0008851888812561412
384,0.0008838252566112821
926,0.0008792265233587078
264,0.0008769828627942062
629,0.0008753314673825646
420,0.0008736693228252063
304,0.0008664737108762284
76,0.0008655764091476837
823,0.0008638222097511966
408,0.0008615995505300176
831,0.0008595025225044821
429,0.0008592232504672558
243,0.0008588504292635227
1041,0.0008580810280786458
324,0.000857155981334881
59,0.0008555046927005438
825,0.0008466425407469536
303,0.0008447712527248743
497,0.0008408223195678366
647,0.0008404311373759536
463,0.0008392523755546713
21,0.0008379529596505731
650,0.0008366306093641794
141,0.0008359601749367674
10,0.0008324516886944499
561,0.0008319637393584921
690,0.0008319443538891939
358,0.0008310634855019858
736,0.0008292571131371027
171,0.0008286629251156919
152,0.0008278462691756862
1012,0.0008262928002716213
45,0.0008249845880210695
142,0.0008249750797503304
371,0.0008244672952555898
468,0.000824101400149139
396,0.0008217512526381501
879,0.0008206541789443838
387,0.000820513728990195
126,0.0008192400533031301
584,0.0008181951870999758
558,0.0008179261098001386
959,0.0008145888214508448
343,0.0008134637184815201
254,0.0008105611277668891
481,0.0008068853619438313
770,0.0008044238392581145
32,0.0008041605482680446
895,0.0008000318777998444
461,0.0007986575500362983
477,0.0007983622450660094
569,0.0007939738074070403
416,0.0007931395015868981
458,0.0007880742793053586
722,0.0007866961647035386
780,0.0007861443810575402
750,0.0007838364437590829
939,0.0007824482582665112
949,0.0007824449614162285
452,0.0007799014421097662
160,0.000779042613845108
40,0.0007780110043237507
607,0.0007768671385197418
717,0.0007766276297257806
930,0.0007754813913627298
686,0.0007729688038204173
392,0.0007729393055846642
581,0.0007727075693145901
826,0.0007715398313084554
919,0.000770391118795623
633,0.0007682934872713
391,0.0007650255007178534
924,0.0007635973328551188
434,0.0007621285071573017
145,0.000760169499511581
287,0.0007582269100009728
541,0.0007581874329553973
128,0.0007555532606216108
26,0.0007555361052047718
619,0.0007532672571952918
280,0.0007531513581551272
85,0.0007468588604123017
716,0.0007465827907812113
519,0.0007456446139321509
167,0.0007424662131729832
724,0.0007423841319353909
262,0.0007414199746957342
513,0.0007395043571886098
744,0.000739498850186804
491,0.0007384988182941024
221,0.0007362068770999887
525,0.0007353093285653937
27,0.000734088766198664
544,0.0007331611133750974
712,0.0007295267146555749
553,0.0007289272428362408
713,0.0007258245402168676
648,0.0007241692554551813
207,0.0007238822355042753
409,0.0007227004668400791
331,0.0007215048300945188
604,0.0007172646097728892
1035,0.0007169576495475026
790,0.0007167834930341672
158,0.0007138699937386222
106,0.0007112942219007543
120,0.0007109080135921546
1119,0.0007075684182981162
942,0.0007058259891835625
292,0.0007014180696464236
616,0.0007000272236813259
606,0.000698238894607055
467,0.0006973272797942124
450,0.0006971292531625305
1046,0.0006967559215893793
806,0.0006964363571355205
871,0.0006922965551282688
516,0.0006911152861531088
366,0.0006908949014499142
552,0.0006900392386171289
840,0.0006877777820609808
675,0.0006861938966988008
140,0.0006833028332416549
682,0.0006827808219040442
108,0.000682302533903987
505,0.0006810657587347442
696,0.0006809936182568972
632,0.0006788078468612099
707,0.0006759547497362411
721,0.0006739119621093015
338,0.0006701218985465071
1048,0.0006695575526401803
488,0.000669357583824804
493,0.000669104757882385
615,0.0006689347929377292
946,0.000666717243334415
312,0.0006651979386183643
20,0.0006645659017003546
19,0.0006624542704395763
741,0.0006618820571888788
1091,0.0006614080946933851
242,0.0006609974638122477
969,0.0006608646422717993
672,0.0006599608204023635
61,0.0006592624359867444
609,0.0006585319359983751
570,0.0006581661551286279
499,0.0006569986826528248
783,0.0006551387144353352
105,0.0006543307702114875
414,0.0006502071715845624
855,0.0006457564225296098
542,0.0006453874640071362
802,0.0006453325450651304
864,0.0006453282363037247
1073,0.0006417349550569229
444,0.000640695660344723
737,0.0006405398604970047
1017,0.0006396890978575336
772,0.0006395837843858822
466,0.0006388648408515558
102,0.0006373529241493604
809,0.0006370622354217729
502,0.0006362892459284086
1228,0.0006350078253699929
139,0.000634644828542493
512,0.0006339818013497756
728,0.0006324243343987738
740,0.0006308196945354378
687,0.0006302038202550515
676,0.0006301264666642569
956,0.0006288475374450855
934,0.0006266424283302026
702,0.0006237855998164206
614,0.0006220170056472549
395,0.0006203515236634662
365,0.0006201469765540418
60,0.0006197812888665637
575,0.0006192110299421517
540,0.0006146613921834402
441,0.0006104683344222278
731,0.0006100849600495516
1065,0.0006091521086800537
923,0.0006075609237329679
602,0.000605610511939006
931,0.0006038358740901341
1010,0.0006031566876060555
114,0.0006020765329013123
277,0.0006019926145980624
768,0.0006018673645429312
771,0.0006017445382173984
562,0.0006016380742150239
413,0.0005998057646053727
873,0.0005977231497791522
941,0.0005956636253237947
849,0.0005953733507517892
492,0.0005952371486995199
785,0.0005919421469032207
639,0.0005916158848548668
1188,0.0005906168969877921
311,0.0005905318772389074
649,0.0005893815180748209
827,0.0005884144233938739
486,0.0005873176086793912
354,0.0005864657780295577
1210,0.0005861610893731537
189,0.0005857518130245969
752,0.0005843967755517639
779,0.0005843711383016805
761,0.0005841632045493759
206,0.0005835354404654876
794,0.0005814492891146346
1139,0.0005811090958531594
1044,0.0005808907486495272
1021,0.000580066535357385
295,0.000578913406250081
789,0.0005782147610721483
847,0.0005779416686990953
305,0.0005760657278099015
824,0.0005743610160175971
373,0.00057049447005348
674,0.0005694042825065954
955,0.0005681535211704015
921,0.0005675105166380144
278,0.0005671980877978461
489,0.0005657974230123482
522,0.0005649253316473411
689,0.0005633385238682613
723,0.0005606519526673051
107,0.0005589282511326034
494,0.000556055708299063
769,0.0005544656609278007
1118,0.0005530329351747235
595,0.000551997416249217
78,0.0005501929067422535
810,0.0005495596549721023
30,0.0005476444138515369
407,0.0005469560270066616
583,0.0005462105942042652
796,0.0005428996115856666
585,0.0005419567404273188
1109,0.0005416332855791426
363,0.0005404088118038977
1133,0.0005403296211294482
1135,0.0005378893927559732
877,0.0005376811371562236
487,0.0005350980123409674
977,0.0005346477806761423
43,0.0005346399250979624
1037,0.000533926790715115
369,0.0005328032696129331
975,0.0005326552709959478
490,0.0005304065300326772
571,0.0005303255173762095
1220,0.0005302684331164671
922,0.0005295183208496254
1079,0.0005266386621965106
697,0.0005258140450333708
944,0.0005253876245782763
664,0.0005245824242027515
656,0.0005190521066912561
524,0.0005186005306829533
220,0.0005185683620416625
620,0.0005183236501198242
389,0.0005179720811835073
813,0.0005173963981974899
577,0.000516442649724599
46,0.0005157616478364819
623,0.0005147425804403849
537,0.0005146261839901543
808,0.0005130769277266496
1095,0.0005127040195719061
165,0.0005121745275775279
41,0.0005120842614130208
646,0.0005112837317590199
1129,0.0005107618456119044
495,0.0005104842830568249
963,0.0005089692945306346
856,0.0005081187021629401
166,0.0005080242244712312
952,0.0005073213160445558
426,0.0005064702179191292
671,0.0005059357855395758
1221,0.000504826090446627
833,0.00050475400864273
379,0.0005038254645850602
1007,0.0005037558938177614
299,0.0005035506058918432
1217,0.0005033572550155912
887,0.0005031598056340619
1267,0.0005029682489517416
306,0.0005001811763630268
589,0.0005001225565508536
644,0.000499353569626268
1226,0.0004989724720278063
406,0.0004974599633645164
844,0.000496449827050891
1018,0.0004963424993764872
775,0.0004934479268351823
993,0.0004911721139771309
456,0.000489025872479399
1009,0.00048805130799224903
890,0.00048695493627877104
388,0.0004865482188477309
694,0.0004860061881987213
610,0.00048570061300188123
774,0.0004856228474822486
638,0.00048561334512573764
945,0.0004846193386247504
224,0.00048310580458814313
1311,0.0004812741235839935
500,0.00048017505460142495
943,0.0004798944984471708
1110,0.0004797774138238841
743,0.00047941221094020245
932,0.00047876505494057415
244,0.0004781190850540135
251,0.0004780108515562671
1063,0.00047734377587277957
370,0.0004771548112150674
1197,0.0004758546544017436
57,0.000474653093486354
547,0.00047409293529919016
535,0.0004738514387330131
979,0.00047369288972562017
1244,0.0004734061765078322
336,0.00047311328551583677
971,0.0004729458563950238
1411,0.0004718367648762354
929,0.00047156136094043055
842,0.0004712306255689529
719,0.0004710773648236015
966,0.0004710533543391139
622,0.0004709704259503748
1067,0.0004699140035420814
611,0.00046933472959484495
539,0.0004692456992112317
1089,0.0004687563891300145
819,0.0004683617256695177
1126,0.0004675251320219203
345,0.0004665643489068589
886,0.00046642803695453575
605,0.0004663662770090566
1098,0.0004654860324462638
440,0.0004643234303749455
375,0.00046413362656515066
940,0.00046322657203465636
364,0.00046231179119681274
765,0.00046096445112503887
149,0.00045906270276247006
988,0.0004585348784302805
800,0.0004583721454797303
843,0.0004575144023038082
1008,0.0004562646124286237
876,0.0004540536102575999
670,0.00045333884130261396
586,0.00045292925684803186
560,0.0004529191570497224
1208,0.0004527694187580106
738,0.00045246376812581936
832,0.00045154550502611996
445,0.0004510622077501514
630,0.000448914066695649
974,0.0004477159973892726
1478,0.0004471896168127632
236,0.00044707577669804747
968,0.000446667568964184
1090,0.000446494470597055
573,0.0004463588275697804
951,0.0004451650599046898
612,0.0004446264600755426
1053,0.000443839236059819
372,0.00044211478756651994
863,0.00044053268139960665
1103,0.00043910186371888657
653,0.0004370134278360001
503,0.0004360736320293907
1050,0.00043607074068876536
1195,0.00043536567833040015
841,0.00043531726421525634
925,0.0004352467216973595
1407,0.0004345557669508471
464,0.0004338527381389553
453,0.0004326396963512982
846,0.0004320597271424422
972,0.0004305554114141469
637,0.0004285799683439693
1113,0.0004278366642586156
572,0.0004259951447923181
805,0.000425720320793748
1045,0.000425394058847708
383,0.00042402866658288504
1147,0.00042363301600821025
1060,0.0004231151124090749
1231,0.00042049869024870856
1051,0.0004185073059697904
1215,0.0004179953476862163
953,0.00041798723115778127
1033,0.00041748187668085165
297,0.0004169726295613418
1036,0.0004161292864068569
1061,0.00041600650234451827
960,0.0004152957356394255
869,0.0004149066978052866
1029,0.0004141110615586611
110,0.0004138792291081879
902,0.0004132500629265883
904,0.0004131875041485979
564,0.00040941995725157396
980,0.00040874170386622963
330,0.0004079665437031804
635,0.0004072081353858643
1140,0.0004058162066414451
892,0.0004043466270162318
253,0.000403944761721932
1170,0.0004036352439300957
256,0.0004035219051213714
704,0.00040348552865235884
320,0.00040295584141071495
1222,0.00039913635715503777
1042,0.0003984492043531821
334,0.00039816185407470675
984,0.0003981204843944863
1058,0.0003975240690300685
816,0.0003968116853158867
880,0.00039680228883792653
329,0.0003962544328526126
875,0.00039590005872602825
760,0.0003948659882047869
1178,0.00039419103612112324
1117,0.0003920850585374158
1136,0.000391843781700851
1134,0.0003917415562986978
1019,0.000390190353430618
398,0.0003901437642231359
368,0.0003878237019492345
950,0.0003877964489206958
1142,0.0003874497026080624
1419,0.00038698534867896017
734,0.00038675433751111097
683,0.00038583197524931566
1206,0.00038570654965457114
1277,0.00038543064617244994
834,0.0003848169529967424
457,0.00038444014953760734
1013,0.00038371224446773634
1034,0.0003831945776906533
695,0.0003821116806970285
821,0.0003812807366341916
997,0.00038069806381419287
538,0.0003806942517040705
1239,0.0003785950257060703
961,0.0003779014611634454
355,0.00037743324625228814
1483,0.0003772637284079203
1245,0.00037715654511611237
991,0.00037712686752514274
803,0.00037695261730729166
1057,0.0003757961199861057
865,0.0003754526821686471
308,0.0003747834621401248
1023,0.00037353281867382213
415,0.0003721700410422675
749,0.0003718035365954888
872,0.00037090075436951257
1168,0.00037058895208409254
812,0.0003688286594961691
882,0.00036837962878442693
543,0.00036829815957632283
818,0.00036795188933680574
1137,0.00036778065805534877
130,0.00036672738875782575
1172,0.0003657717203756777
1085,0.0003652970681388569
352,0.00036374288518419397
795,0.00036302568048473817
1224,0.00036275963614575303
563,0.000362273714892857
898,0.00036217476586177666
608,0.0003616269752077005
1163,0.0003596562191362823
567,0.0003595934175179532
624,0.00035916722028214775
786,0.00035697905421691725
342,0.0003562940087225864
579,0.00035586205666037515
1356,0.0003553732237410777
349,0.00035496858239653263
1218,0.0003541301567967736
837,0.00035412434227442363
112,0.0003539541748364487
990,0.00035337658305550386
1230,0.000353350974055342
344,0.0003519413863868341
1194,0.0003506252823425629
962,0.00034970804354468615
557,0.00034920120321363455
1059,0.0003489041915331857
279,0.0003485544219649882
828,0.0003483249959699419
1265,0.00034831411949500093
797,0.0003479204701088896
1078,0.0003473087998868586
905,0.0003467440109416544
860,0.0003459702584654796
1193,0.0003451049671559932
1169,0.0003447890385613042
1184,0.00034451983983087357
937,0.00034439601456863516
574,0.0003435412127583427
680,0.0003433286963130705
758,0.00034157702325252016
580,0.0003410121061386993
115,0.00034056245394967693
1291,0.0003402573090561447
1025,0.0003381115375584004
16,0.0003367515950765016
1020,0.0003365981692928921
641,0.00033633047392281785
634,0.0003357861615156738
1232,0.0003357277821829688
829,0.0003356404853943528
764,0.00033552797544931953
261,0.0003354713109885623
1180,0.00033544120227052944
1006,0.0003337090622501904
1049,0.0003334102394278484
986,0.0003334046487179426
1084,0.00033320264456573206
965,0.00033270377759196315
1070,0.0003326331883906746
754,0.0003325811971946603
1203,0.00033170228173478537
645,0.000331541599719719
874,0.00033098445842958334
1097,0.00032982419303510574
782,0.00032973205860182056
1283,0.00032905964033135704
948,0.00032691216891128855
341,0.00032674723661564966
730,0.00032620117791414373
1229,0.0003257671392957633
1421,0.00032357238771694134
1141,0.0003233605173483996
1284,0.0003228459924854801
958,0.0003219583942592202
1030,0.0003207740632810485
266,0.0003201479261088437
773,0.0003201088617616635
1428,0.0003183194766769889
35,0.00031831152441515767
1069,0.0003181823093080884
698,0.0003181255654206157
1040,0.00031667666348240487
1015,0.0003164354226381638
1160,0.0003161807929278352
1240,0.000315169754931749
881,0.00031486358498551757
859,0.00031482048293540147
900,0.0003139853349792115
978,0.0003139181633055377
263,0.0003138321956128906
362,0.00031329542240248886
1225,0.00031279934143198273
36,0.00031278258309152374
422,0.00031252931394919046
1479,0.0003122994297626712
1031,0.0003106226880237739
862,0.00031053602442716774
906,0.00030969002947579024
1149,0.00030890435920057844
836,0.0003085303850836915
601,0.0003082969749155295
1001,0.00030818413342871483
799,0.0003072859980907479
1115,0.0003070349491012555
590,0.0003063777668277526
896,0.00030630000028224267
1132,0.00030625616058316485
1302,0.0003059069209550384
1300,0.0003056104092517765
1153,0.00030533037955156756
6,0.0003052474878650044
1468,0.0003047226175469805
1273,0.000302778256079395
801,0.0003025267722735822
793,0.0003024858018744128
1192,0.000301287833831292
1209,0.00030069889589631423
1400,0.0003003019382414642
1377,0.00030010376042449683
1005,0.000298416301020575
1183,0.0002978818937182337
551,0.00029769350297277766
766,0.0002974740582604775
982,0.0002952652169751145
626,0.00029484307024875737
376,0.00029473817026340646
613,0.00029441199135857836
617,0.00029400412324169305
878,0.0002935036624916488
339,0.0002925729453297297
459,0.0002919612494345394
1152,0.00029146446659361304
889,0.0002899299888194584
146,0.0002898355421035683
400,0.0002893147715738758
1032,0.0002893062672521118
910,0.0002893002203970239
999,0.0002875881223623396
1024,0.0002867707132624728
1120,0.0002866746006251881
1094,0.00028660102578371033
350,0.00028650660946800955
103,0.00028631585768939817
1219,0.0002859337245968875
1359,0.0002844691868174443
1181,0.00028366349448903693
556,0.000283010322306991
995,0.0002828697846730925
1054,0.00028285631507852583
700,0.0002826167598613165
394,0.00028204925168143577
985,0.0002814463812603741
1157,0.00028089473458176045
377,0.00028063309182329167
791,0.00028063199482893607
1472,0.00028028096131963034
714,0.0002802522767895808
1164,0.0002794360456290256
1248,0.00027909824071830675
947,0.0002789904630810856
534,0.00027889360638789893
1454,0.000277848296797864
34,0.0002773821526339023
1371,0.000277101421485768
917,0.00027702240311990717
1263,0.0002768329754012283
1108,0.00027681920302292956
138,0.0002765575958043684
593,0.0002753447405138983
424,0.0002747882515029494
1315,0.0002747791065269721
998,0.00027435409217484093
854,0.00027392698205410353
1518,0.00027357626724529375
936,0.0002730509318973036
1107,0.0002725879778655289
681,0.00027209222876076655
807,0.0002715892633315351
1346,0.00027150484412648865
1363,0.0002712831108253227
883,0.0002707983823964366
587,0.00027048375783042804
1446,0.00026953603696173507
1104,0.00026935718079483946
938,0.000269225069395346
1185,0.0002684706754028135
759,0.00026833929880288275
1179,0.0002681754750758463
753,0.0002679532373671994
970,0.0002675865704678571
912,0.00026753255427899424
1249,0.00026721425431211704
84,0.00026666814247180347
1402,0.0002657550647885333
1088,0.0002657150368445088
1112,0.00026569891874977686
1076,0.0002650619236859732
1196,0.0002647993818301725
1052,0.00026435893703544773
460,0.000263532161054716
1068,0.00026329235230318943
1100,0.0002628000143282051
390,0.0002624512144678108
18,0.0002617506267085335
688,0.0002615608581249831
1124,0.0002612258037878173
1131,0.00026090030591642175
745,0.00026036740903589176
718,0.0002601153611094293
1296,0.0002598019395870232
565,0.00025976971977011707
726,0.0002588258090677948
532,0.0002582023568401718
725,0.00025815355781620263
335,0.00025765467307290065
1469,0.00025684275162739993
1190,0.00025599941611181707
1481,0.0002557205595975909
1199,0.0002554494471474526
1435,0.00025532930819400867
1207,0.00025518489621331156
1247,0.00025503923924457194
1336,0.00025468294636408746
1471,0.0002545145687544179
1537,0.00025443884963384516
1532,0.00025440692020524543
1546,0.0002536297441794162
787,0.00025327348964405435
733,0.00025307853052903314
1071,0.0002529650120940614
996,0.0002529051116822873
1584,0.0002522757314536686
987,0.00025174227078652114
1426,0.00025154168658439143
1114,0.00025142686174460516
1176,0.00025087995750630707
1335,0.0002507927380831528
1278,0.0002483985481031698
1064,0.00024803342056218435
1087,0.0002479720138343103
555,0.0002478930615615717
1004,0.00024780739020722754
1022,0.000247031255934068
1379,0.0002458962862091034
1328,0.0002458839193279249
1258,0.00024523281904661933
548,0.00024435620890279517
1303,0.0002442451079810098
1590,0.00024363130830460262
247,0.00024298356069635832
621,0.00024270380120734034
983,0.0002426670315872199
1340,0.00024232628385303926
1444,0.00024202549891660648
1116,0.00024198925055769863
536,0.00024091985903803968
857,0.0002408246387064323
360,0.0002401072008180113
1121,0.00023985581315308482
1099,0.00023980228305022403
1611,0.0002396723627917447
916,0.00023835558467230942
1337,0.00023760411427494572
1056,0.00023759020213716788
851,0.00023730959804287206
915,0.00023723588809991628
668,0.00023713553408581542
1305,0.00023698245284965873
989,0.00023651092560394852
669,0.00023649232773477973
1313,0.0002358610248698112
1205,0.00023575901890888476
1154,0.00023544989017455694
1127,0.0002353827939653937
1093,0.0002350237761459007
1473,0.00023473936261002483
1165,0.00023471796757800644
545,0.0002345552471062749
1269,0.0002338394617908726
1159,0.00023323340612996555
1086,0.00023282697254666562
1451,0.000232262407235889
348,0.00023186595554235454
1204,0.00023052063272699174
835,0.00023051665188366364
691,0.00023033648248928023
853,0.00022993223927614563
908,0.00022974118604213606
1111,0.00022919712941719294
438,0.0002288268664835386
1182,0.00022864880203420633
776,0.00022808308791199752
1000,0.00022806683260836547
1002,0.00022674767569836886
113,0.00022596404167203956
1383,0.00022553521302707608
1425,0.00022531527246296774
351,0.00022498656619756352
1656,0.0002247368361155495
1066,0.00022411529221871913
1246,0.00022392124652418643
1378,0.0002234249000012976
1437,0.00022333212355089515
1591,0.00022253481829381355
1520,0.00022243684188591405
1470,0.00022230153185391583
1579,0.00022110914353323498
1128,0.00022080776259675595
1545,0.00022009896275385895
1678,0.00021981899349989378
1651,0.00021944346739398738
811,0.00021927591230542844
454,0.00021926394071809904
667,0.00021853348122946153
1353,0.00021786992283350456
1236,0.00021780184011416248
1235,0.00021780184011416248
1043,0.000217628293133049
1415,0.00021752387722143117
1529,0.0002174771769428402
1255,0.00021734383090757682
1260,0.0002168966602556335
1388,0.00021669300476416628
981,0.00021651936795167318
1333,0.0002163889834442463
703,0.0002160712053569533
1279,0.00021523134869969233
976,0.00021480345600581518
1286,0.0002139458556415357
1517,0.00021286240438098402
1213,0.00021270246700625623
1455,0.00021237850190566166
374,0.00021234108093867195
1312,0.0002120409053295033
1272,0.00021184679319608256
1325,0.00021118469350522932
798,0.0002107130893303352
1298,0.0002104440036385914
1475,0.00021044101453355067
1540,0.00021020695896524022
309,0.00020991678962202818
1395,0.0002094027504773968
1268,0.00020931789087485163
1445,0.00020860423261852685
361,0.00020830237001893628
1412,0.0002074128770414386
1398,0.00020716914080973762
1158,0.00020707702262429297
1355,0.00020669438536386316
1453,0.00020619527068217858
1338,0.0002058255729638588
1290,0.00020537957872638778
1280,0.00020470852586290368
618,0.00020438402904274195
1317,0.00020421870633465815
1531,0.00020420549037721605
1344,0.00020399453886783082
1105,0.00020392720954262632
1270,0.0002037742706344853
442,0.00020359524986146208
1102,0.00020255843448390866
1082,0.00020138666964341736
1488,0.00020094363172235518
104,0.00020081516283864534
1261,0.00020043683735955685
1401,0.00020037167014519283
1281,0.00019962839186222228
1166,0.00019937450967200205
1151,0.00019904871776078552
1264,0.00019898096723022167
1198,0.0001989516734440954
1664,0.0001989342290299648
397,0.00019880512489317532
1585,0.00019822144474561764
1621,0.00019775482728593777
1318,0.0001968252625794211
1436,0.00019670026425501317
1148,0.00019652252867022213
1505,0.00019644285582569738
1681,0.00019542354088105199
337,0.00019517844369124033
1556,0.0001951420790376964
1495,0.00019408606964738584
1376,0.00019342255755631785
1143,0.0001931189721227891
1200,0.00019310079176810296
1323,0.00019274884154080643
1174,0.00019272858550740485
1386,0.00019243678669808565
1569,0.000192129072713187
1295,0.00019202404151366615
1617,0.00019179274688324452
1360,0.000191588122766816
1092,0.000191489056018983
1462,0.00019132292999085641
1250,0.00019129639238801355
1615,0.00019126977215164057
1404,0.00019120283268159104
1438,0.00019109882491716312
1322,0.0001909665610708304
894,0.00019003198476340907
1274,0.00018983603409788964
1223,0.00018980734912664383
973,0.00018944922264139358
706,0.0001888871897346761
1216,0.00018871658761807842
1619,0.00018835858595367264
1324,0.00018805629318856227
888,0.0001879357291915981
1424,0.00018778367919210066
1413,0.00018696348889951712
885,0.0001868679643786632
933,0.00018590309781199156
359,0.00018579534443747495
1600,0.0001852987834624218
1177,0.00018504677673703406
1186,0.00018495791042965378
867,0.00018463898041037042
1077,0.00018440339916224972
598,0.00018421283980829867
1628,0.00018391569086131463
1409,0.00018363457750046193
1552,0.00018361780213998455
1330,0.00018340512668777576
643,0.00018288146097849808
1349,0.00018222786653294585
1512,0.00018193646936470525
1038,0.00018184930465949076
1373,0.0001818168984069734
1329,0.0001818168984069734
1146,0.00018133167505420645
1299,0.0001809078307900066
1387,0.00018014994924047683
1266,0.00017984145506243495
914,0.0001797254784845114
1393,0.00017882425615336724
1623,0.00017742565241558446
1241,0.00017730702823075625
1389,0.00017679579068284541
920,0.0001766600738924388
1491,0.00017654255529750816
1271,0.0001764667172279623
1392,0.00017638464460118552
1501,0.00017611282276486684
1297,0.00017598377336338806
74,0.00017583388735539876
1464,0.00017558684908652283
1368,0.000175127489759452
1187,0.00017444593242719374
1550,0.00017401103511440147
1191,0.0001737043497117806
817,0.00017357276151396559
1458,0.00017328374176397887
1452,0.00017328374176397887
1542,0.00017301210905296206
1573,0.00017281313557563962
533,0.00017276785781463914
1161,0.00017233580588416736
1523,0.00017230667545080152
1072,0.0001721743463585454
592,0.00017200300813328623
1405,0.0001719424397693898
1589,0.0001719299655317458
1390,0.0001718705795796838
267,0.00017184993627893176
1351,0.00017108465809360625
861,0.00017067703248548478
1499,0.00017066843329666711
967,0.00017025049048601567
1631,0.00017010705033701542
964,0.00016952822836568523
1202,0.00016930451429515047
1138,0.00016884016416219178
1551,0.00016843533878601417
1465,0.00016688938390328528
1285,0.00016649243729780226
1259,0.0001658355807425151
1578,0.00016570221780940524
1211,0.00016505011484296844
1597,0.00016488053951657872
1243,0.00016451833678418832
1252,0.00016331163302816718
1577,0.0001627377038801743
1570,0.0001627377038801743
1567,0.0001627377038801743
1566,0.0001627377038801743
1350,0.00016265090776282216
1555,0.00016245123226757145
767,0.00016225740695759906
1480,0.00016219940176587482
1440,0.00016215802521786618
1608,0.0001620578255530612
1675,0.00016113004967674695
1442,0.00016096032977659934
1522,0.0001605164754158668
1503,0.0001603678612804899
903,0.00016032003239935515
1459,0.00016016912268548866
1443,0.0001601622510738474
1439,0.00015952523863027026
1559,0.00015919717405404106
1448,0.00015901186589390213
1385,0.00015889023425393802
1212,0.0001587104872798079
804,0.0001577641956825025
897,0.00015770212787035202
1647,0.00015753692696195663
1641,0.00015753692696195663
1636,0.00015753692696195663
1634,0.00015753692696195663
1633,0.00015753692696195663
1514,0.00015745585623333296
907,0.00015714103977893993
1406,0.0001554186652363238
1081,0.0001548010285366267
1354,0.0001545109812095041
1382,0.00015443376048241282
353,0.00015434428079873864
913,0.00015428166686612418
918,0.00015419793246955956
1361,0.00015418705682809235
848,0.0001537445499744469
296,0.00015359946287808436
1027,0.00015296387525299667
954,0.00015292052361055278
437,0.00015215122789606942
1610,0.00015214842812756677
1375,0.000151854019333381
1427,0.0001513433889860415
814,0.00015130303650941787
884,0.00015094325675477365
594,0.00015006303553673456
1173,0.0001500560877131845
1416,0.00014955414648204864
1530,0.00014947638692517566
1348,0.00014932238133716873
600,0.0001490572907844941
1144,0.00014792935680127157
1075,0.00014634684212181163
666,0.00014629181848376294
1301,0.00014608280706119754
1644,0.00014541044941322165
1251,0.0001452432032641264
1167,0.000144908111770932
901,0.00014459915036072352
1457,0.00014432159631596358
1482,0.00014423203063057454
1487,0.00014422143907777624
1652,0.00014283419795005516
37,0.0001427192023204066
1493,0.0001426315914238848
1417,0.00014261443535639964
1171,0.0001425693518668998
1062,0.00014242481316545738
1672,0.00014212721597897448
1510,0.00014203369674200972
957,0.0001413290342861817
1467,0.00014129247102553767
858,0.00014049047592602288
1175,0.00013958709645929069
1288,0.00013948291855831902
1262,0.00013935458177076628
1227,0.00013901969687229752
1282,0.00013871936350587312
1055,0.00013850044998028514
1655,0.00013847526845541344
1292,0.00013837363388334857
1429,0.00013814907694181914
1515,0.000137941821494042
1287,0.00013791010453356354
1145,0.000137895380535479
446,0.00013767933443203584
1162,0.0001376470159855972
1331,0.00013705469984050768
1639,0.00013699208498681178
1527,0.00013562857638793754
1476,0.00013553771509215395
1410,0.000135271048016343
1657,0.00013518038979667724
1660,0.00013447877732174822
1627,0.00013443566188749509
891,0.00013260764883055723
1599,0.00013249644101484656
1526,0.00013206634823263234
1543,0.00013205428394253208
784,0.00013185200946917106
1616,0.0001315267544592967
1314,0.0001314668678413892
1372,0.00013134327730275128
1680,0.0001308906637678168
1572,0.0001302171032339931
1564,0.0001302171032339931
1562,0.0001302171032339931
1557,0.0001302171032339931
1508,0.00012908846622497694
850,0.0001290194859809224
1513,0.00012891291853089245
1661,0.00012883482794112747
1441,0.00012782553223919293
1533,0.00012755028780846387
1516,0.00012748961933124178
1150,0.00012680760937415928
1332,0.00012668742719735223
1414,0.0001266193430273439
1630,0.00012637307203285182
1309,0.00012605346909125054
1396,0.00012556269337428105
1648,0.0001250191780401862
1637,0.0001250191780401862
1632,0.0001250191780401862
1403,0.00012480946437758186
1653,0.00012381249622910802
909,0.00012374659326930574
1380,0.00012368804421492195
1528,0.00012289207569179145
994,0.00012262500042844928
1096,0.00012214025282291218
1477,0.0001221103473214874
1343,0.00012171848108688001
1588,0.00012164616728056812
1535,0.00012145332695702983
870,0.0001213725467793194
1506,0.00012095879850562225
1352,0.0001203655543648853
1341,0.0001203655543648853
439,0.00011925781372051382
893,0.00011920663473696104
1233,0.00011836829040176191
1214,0.00011757745064088079
839,0.00011756163943398698
1544,0.0001174471991213554
777,0.00011723519873207914
1326,0.0001172271974771494
1420,0.00011714558893340805
935,0.00011531684749239499
75,0.00011473387014277469
1276,0.00011425433714324962
1289,0.00011402709755519839
1321,0.0001134329041931333
1460,0.00011317428621879451
1447,0.00011317428621879451
1431,0.00011315207843542197
1547,0.00011186485466725044
1500,0.00011167895611011813
1253,0.00011113807868865305
1607,0.0001111345625991333
1598,0.00011077358033509429
1492,0.00011013722104380066
1662,0.00010925699856019285
911,0.00010869251371907091
1485,0.000108642074643043
1308,0.00010791090160262496
1306,0.00010791090160262496
677,0.00010648019385183784
1026,0.00010635809166572384
1155,0.00010616712870585469
1123,0.00010567026486789908
1554,0.00010514681909816085
1254,0.00010450074696095762
1620,0.00010400250365253577
1394,0.00010343403465384136
1275,0.00010332512562850749
1586,0.00010259104513969268
1581,0.00010259104513969268
1576,0.00010259104513969268
1565,0.00010259104513969268
1548,0.00010259104513969268
927,0.00010238388163657692
1327,0.00010235732192050856
1242,0.00010235200533369088
1466,0.00010194337642880503
1553,0.00010147107581299915
1293,0.00010079210172948967
788,0.00010021010263564075
1676,9.980894268206772e-05
1560,9.968496826743042e-05
1399,9.933644593635067e-05
1381,9.88039555920518e-05
1130,9.868461768435338e-05
1604,9.860847832347163e-05
1679,9.859150802669891e-05
1596,9.834644511718885e-05
1316,9.831087663942837e-05
1122,9.791656281084394e-05
1640,9.739554246892277e-05
1433,9.725752610230523e-05
1374,9.721182194303183e-05
701,9.684280525510758e-05
1484,9.63614086502361e-05
1538,9.582891076702884e-05
899,9.570430144028654e-05
1397,9.55954482011004e-05
1643,9.508362859295652e-05
1365,9.488767302696612e-05
1614,9.475769841126224e-05
1594,9.468386273050021e-05
1456,9.439110687527134e-05
1156,9.320775646397604e-05
1509,9.308128148148818e-05
1654,9.303882807408925e-05
1320,9.276165411459658e-05
852,9.116741142179411e-05
1238,9.095677289959318e-05
1391,9.067137747432007e-05
1384,9.067137747432007e-05
1434,8.811555218615229e-05
1423,8.799929093618707e-05
1003,8.727886844219886e-05
757,8.704901888599323e-05
1319,8.640036636645521e-05
1449,8.575832215480559e-05
1539,8.512390427699904e-05
1603,8.463109991128283e-05
1106,8.442825060262036e-05
1622,8.366791586813792e-05
1486,8.253344540556286e-05
1080,8.219042165663392e-05
1519,8.09698347552076e-05
1669,8.083651687794214e-05
1667,8.083651687794214e-05
1666,8.083651687794214e-05
1663,8.083651687794214e-05
1432,8.027538931851245e-05
1474,7.921621742734912e-05
1490,7.890468517064834e-05
599,7.888058803874636e-05
1549,7.616797243176909e-05
838,7.56885267214537e-05
1642,7.503278412498029e-05
1659,7.443743361218767e-05
1626,7.394235037575039e-05
1609,7.324652279464198e-05
1370,7.324511387446056e-05
1369,7.231798432010488e-05
1558,7.198946738451009e-05
1334,7.1581906821484e-05
1257,7.133334252237207e-05
1595,7.080380824066649e-05
1587,6.965914648054673e-05
1583,6.965914648054673e-05
1582,6.965914648054673e-05
1580,6.965914648054673e-05
1575,6.965914648054673e-05
1574,6.965914648054673e-05
1568,6.965914648054673e-05
1592,6.948990333105817e-05
1606,6.822087608415467e-05
1613,6.800562706961028e-05
1625,6.71103006540829e-05
1624,6.71103006540829e-05
1234,6.690025994816132e-05
1422,6.660892602736399e-05
1310,6.658075640616744e-05
1605,6.622581629765055e-05
1345,6.576152744198125e-05
1524,6.554532128399695e-05
1650,6.446653160082106e-05
1638,6.446653160082106e-05
1635,6.446653160082106e-05
1511,6.441972077769585e-05
1658,6.432082061177144e-05
1618,6.397013989683427e-05
992,6.394556206662054e-05
822,6.347480018923743e-05
1362,6.329164701509756e-05
1357,6.289866109954203e-05
1358,6.271170719583251e-05
1489,6.250338144440824e-05
1497,6.225021197068204e-05
1408,6.182216633249841e-05
1342,6.109786011769808e-05
1496,6.081124565843416e-05
1256,6.0749565235946546e-05
1366,5.985616891881945e-05
1339,5.985616891881945e-05
314,5.862058859524725e-05
1504,5.794491816785729e-05
1418,5.759962453889157e-05
1083,5.665485077860242e-05
1521,5.490202915337021e-05
1367,5.387170062497505e-05
1541,5.211092735097724e-05
119,5.133328487296042e-05
1304,4.831480170531496e-05
1629,4.6279567674931905e-05
1307,4.60582135750689e-05
1612,4.528087275547567e-05
868,4.526425473224734e-05
1237,4.307391926026713e-05
1525,4.2900377646051955e-05
1201,4.173878821596564e-05
1189,4.1537402447235726e-05
1430,4.1421941107717433e-05
1571,4.067907566049875e-05
1563,4.067907566049875e-05
1561,4.067907566049875e-05
1646,4.0648412727030186e-05
1534,4.024489581880181e-05
1602,4.009261492069186e-05
1347,3.919611947778091e-05
1593,3.836755703426798e-05
1674,3.6650324754889474e-05
711,3.6182029409715914e-05
1649,3.548900203689201e-05
1645,3.548900203689201e-05
1601,3.5019387312820174e-05
1294,3.348181099450863e-05
1673,3.292390979117267e-05
1671,3.248628120526088e-05
1364,3.089934194653602e-05
1125,3.0042271484670026e-05
830,2.9266799434325962e-05
1450,2.88752557046829e-05
1463,2.7723219181017346e-05
1502,2.4001013015998794e-05
1461,2.233846640456424e-05
1498,2.0671412502009194e-05
1494,2.0671412502009194e-05
1670,1.9080287340819446e-05
1668,1.9080287340819446e-05
1665,1.9080287340819446e-05
1682,1.259361431851942e-05
1536,1.1949581115284089e-05
1507,1.1668961934978279e-05
1677,8.769249034327355e-06
