1,0.0026918842055674553
2,0.0016123051757465133
3,0.000829236846018094
4,0.0022219074431996306
5,0.0008544552301036547
6,0.0002470598295827453
7,0.0024939515579010287
8,0.001789234318534034
9,0.002185172860512239
10,0.0007434395996786519
11,0.0022711871466049686
12,0.002128801355091938
13,0.0013837360184976797
14,0.001181886299641972
15,0.0017793737442665047
16,0.0003368056448863272
17,0.0008736646376831914
18,0.0001413130847344533
19,0.0004523926440266529
20,0.0006039709454685056
21,0.0007679934322163196
22,0.002299098656900986
23,0.0018095624575150968
24,0.001672516295018279
25,0.002016529694286223
26,0.0007560786854552155
27,0.0006425796406811969
28,0.0021984707689063454
29,0.0011909599072297316
30,0.000424973652539399
31,0.0017315340650097709
32,0.0008040794462916284
33,0.00125848979721206
34,9.312154279546956e-05
35,0.00013358408154093797
36,0.000511681105025274
37,0.00014259717954766455
38,0.0012048134744268373
39,0.0008884223702217574
40,0.0006535609387856556
41,0.0004480453663730076
42,0.0013689768287673601
43,0.0007954203989765146
44,0.0009351608059798199
45,0.0007042650912549391
46,0.0006563193183973124
47,0.0016105208412582703
48,0.001354251970498124
49,0.0008926015911795898
50,0.0036263760154278198
51,0.0011991964895238804
52,0.0009180642563102575
53,0.0012678255324050619
54,0.0011279471720727979
55,0.001627159312437398
56,0.002759207832139221
57,0.00041238409143640637
58,0.001657025745947824
59,0.0010529909541437212
60,0.0006176330244624147
61,0.0009185849978360913
62,0.001249190961384658
63,0.0008454951922212821
64,0.0021947320425044973
65,0.0011613681085607952
66,0.001479411377692791
67,0.0010727478046598897
68,0.0016354328324847513
69,0.002778230469560841
70,0.0023589941117230194
71,0.001882375911856388
72,0.0016157890236342658
73,0.0012786723239763583
74,8.704778960741568e-05
75,0.0003750852335339233
76,0.0006562654682506519
77,0.0014578976776158104
78,0.0007188078335234524
79,0.002546580585391944
80,0.0007844946668239939
81,0.0011847921415185565
82,0.0021990894073118175
83,0.0017137449451559497
84,0.000204465880919798
85,0.0006557936759203664
86,0.001546814931234903
87,0.0016006773347635055
88,0.0018635180426232478
89,0.0022060475059190645
90,0.0012876572533078033
91,0.0016452981317064642
92,0.0013469597534732083
93,0.001218239246863587
94,0.0015775113947523846
95,0.0018889310211942032
96,0.0023235763331829373
97,0.0021202171037779556
98,0.002717855701724462
99,0.0015977833759151826
100,0.0032350450181283614
101,0.0010540710035047119
102,0.0008358767658853596
103,0.0001645213965947236
104,0.00037200776787335896
105,0.0006512704996254251
106,0.0005888557097373818
107,0.0003479356889583987
108,0.0005587656247744275
109,0.0010176703755396838
110,0.00035074716363783586
111,0.0018234905999031672
112,0.00020246741397393208
113,0.00010277096849244367
114,0.0007731785576548307
115,0.00013019386871343655
116,0.0009097294027605876
117,0.0024059655877146924
118,0.001959506635334529
119,5.099034136141364e-05
120,0.0005872573246038301
121,0.0027315583135626535
122,0.000948696134285073
123,0.0009744034771719715
124,0.001570682303705191
125,0.0016806223861478367
126,0.0006327518081343164
127,0.0024900776311040196
128,0.000692727575904328
129,0.0009590701374142375
130,0.00021516839289297668
131,0.0008909057496493347
132,0.0020273711485384173
133,0.0013890543510115096
134,0.0018663336310077894
135,0.0020802345974396935
136,0.000891155254228661
137,0.0011738981385166895
138,0.00018417074245449412
139,0.0008954434953299477
140,0.000619131963152607
141,0.001097188254778786
142,0.000611646699185987
143,0.0019138903690073955
144,0.001973971215000518
145,0.0006357453473299321
146,0.00010646976389473124
147,0.0013624335820921843
148,0.001276550851781562
149,0.00027789044578658883
150,0.0011162038876066434
151,0.0021696326439489782
152,0.001090924934447617
153,0.001992099040927825
154,0.0017793047431315617
155,0.0009982161014217101
156,0.0012742854976565915
157,0.001192855073607779
158,0.0006200220288861543
159,0.0012667983975636283
160,0.0010444701449929031
161,0.0019651803982457597
162,0.000948825953555537
163,0.000847261511327159
164,0.0013390475849000276
165,0.0005117592702768951
166,0.0005057918371835945
167,0.001002044675250828
168,0.0024100975658640483
169,0.001211595153043666
170,0.0010428997169842052
171,0.0009378509083648065
172,0.002691854027199879
173,0.0023846970288533055
174,0.0029472332741511576
175,0.0017078109299476494
176,0.002237486855990051
177,0.0011753239257066006
178,0.001362091013781356
179,0.0018640059869713145
180,0.0017861340988390647
181,0.00335971498992872
182,0.0018886705984579866
183,0.002229148474890528
184,0.0011055653105291733
185,0.0018992536288462403
186,0.002111702234871396
187,0.001955814964588323
188,0.0018553387246399984
189,0.0008454640727912272
190,0.001089847659737947
191,0.002452202201529242
192,0.0010160330839595686
193,0.0014222352510441126
194,0.0020849579885808137
195,0.002393806055503028
196,0.002391653575050709
197,0.002108882972720661
198,0.001177548700116178
199,0.0013598120700612818
200,0.0020465133137685908
201,0.0011054580062042237
202,0.0022565254100227242
203,0.0019493428230981046
204,0.0026793153614546143
205,0.0011150202518397858
206,0.0008439723500642247
207,0.0006590466125682809
208,0.0017257699460136889
209,0.0019679209574362476
210,0.002811109196499534
211,0.002019212810331039
212,0.001175231188410608
213,0.001066793587986017
214,0.001013006240373504
215,0.0021317310307730542
216,0.0023038396147839987
217,0.0011979799534279755
218,0.001615695772753765
219,0.0011304244255550034
220,0.0005179942824712945
221,0.00062255344539372
222,0.002311611476115143
223,0.0012250244302590282
224,0.00042122563679334555
225,0.000853585239240211
226,0.0016176676579028448
227,0.0014571625677729857
228,0.002320287879509931
229,0.0018373229783499576
230,0.001728523272701209
231,0.0013890420930559554
232,0.0010641730233396747
233,0.0012237426176034028
234,0.0022587547974757738
235,0.0017044914009372789
236,0.00045103261952715714
237,0.002585935563443788
238,0.0021087276631035633
239,0.0014723711383455478
240,0.001222636679602798
241,0.0012696233392709725
242,0.0006549361452208924
243,0.0007357754726231081
244,0.00035082601384858996
245,0.0012469724373272847
246,0.0011569860382467947
247,0.00035144926463922063
248,0.0012554833672915443
249,0.0010019465348834148
250,0.0014253605820738456
251,0.00039092292098575986
252,0.0011406743426825728
253,0.0001931418983020747
254,0.000532862413686796
255,0.0013023090928019638
256,0.00019380674730720584
257,0.001835767210815794
258,0.002815647291641309
259,0.0009345859969403122
260,0.0008507964058021374
261,0.0002716125868220585
262,0.000789724738378426
263,0.00045186281150263454
264,0.0006861745923734817
265,0.0019002948579907736
266,0.00025178039037426027
267,8.211179140311904e-05
268,0.0014650056059395556
269,0.0018240832806048829
270,0.0008520748390440016
271,0.0012189930478621925
272,0.0011205261192816455
273,0.0016088542402127647
274,0.0013616432009249271
275,0.0015639002627727584
276,0.0017748041334629157
277,0.0008635207759652781
278,0.0004441439267304304
279,0.0002889668768795618
280,0.0006627139276848342
281,0.0011864068960129458
282,0.0015685310354174638
283,0.0011844051030250528
284,0.0014599804924070828
285,0.0010467015659880263
286,0.0022013942737499365
287,0.0006380560903317645
288,0.002403378599033581
289,0.0016051460655619053
290,0.0008703166918551128
291,0.0010340827035186493
292,0.000636961006361167
293,0.0010197762612425417
294,0.002398276580550952
295,0.0008418976354156687
296,6.408509151644463e-05
297,0.0006828124475461033
298,0.0012818401397115145
299,0.0007618502189526422
300,0.001929520576318893
301,0.0012231094539219686
302,0.0018942095773189773
303,0.0007581114053943209
304,0.0010625021774678454
305,0.0008342295511455619
306,0.0004996365244844732
307,0.0010079794676253245
308,0.00051700826565583
309,0.00014856257963922006
310,0.0007955773581160225
311,0.0007296670849570443
312,0.000510541066061011
313,0.0017880552375650514
314,5.8505361740035715e-05
315,0.0009228081524458581
316,0.0007779888206071828
317,0.0009995326577285203
318,0.0024472476474818815
319,0.0012278808636056447
320,0.0005161109367451857
321,0.0009001994682610307
322,0.0011579452752084678
323,0.0011810291427269452
324,0.000734730986018392
325,0.000754787557474771
326,0.0008962864725766284
327,0.0008579205125662224
328,0.0015395528925781995
329,0.00030970887851023923
330,0.0003451923067154759
331,0.0008940179267944318
332,0.000766334803399712
333,0.0015973056967439384
334,0.0003951142351139592
335,0.00043022517513340085
336,0.0005794302054433248
337,0.00045896533461226865
338,0.0005789868007238596
339,0.00029188814067302295
340,0.0009621253711713185
341,0.0001160154782474954
342,0.00034972232898607407
343,0.0007234081287251801
344,0.000600826614812988
345,0.0007335169384288047
346,0.0007901359117429985
347,0.0008791532154280083
348,0.00048584221929123296
349,0.00022065831817334047
350,0.0002879459093780182
351,0.00048575624744672186
352,0.00017974464586198907
353,0.00041519977905002603
354,0.0005166624995059499
355,0.0003040788087151205
356,0.0013011475878640867
357,0.0022569346046410156
358,0.0008243760684692907
359,0.00012644291186155116
360,0.00038046881167792004
361,0.00037865883814668355
362,0.00019085448168696233
363,0.000800176325502991
364,0.000720803721917161
365,0.0005253539057509176
366,0.00059720677355564
367,0.0016671559611769803
368,0.0003254191383382797
369,0.0004683098181023603
370,0.0006148486036091375
371,0.0010007444267784923
372,0.0003802421750268646
373,0.0007412081888689151
374,0.000149582678945114
375,0.00031059675442977094
376,0.0005541715511099222
377,0.0001896187709215226
378,0.0009807458400497586
379,0.0005025249880642743
380,0.0014431867025166641
381,0.0011893817603656556
382,0.0010436001467368022
383,0.00033310766759072887
384,0.0007565801179863121
385,0.0022127674127157527
386,0.0009383541322424298
387,0.0007574855509215667
388,0.0006585662748281999
389,0.0003085111754347127
390,0.00011126803851822789
391,0.0009655073538971756
392,0.0007073491655271391
393,0.0020958683300617616
394,0.0001596661959248313
395,0.0008775525226121003
396,0.0006975880233162394
397,0.00045993184580722185
398,0.000327219465207865
399,0.0012178502075347972
400,0.00022753792265138359
401,0.0008527906331015175
402,0.001572454241701246
403,0.002157803415338162
404,0.0010369529693774811
405,0.002650236773346648
406,0.00040718287308966997
407,0.0006816967999319398
408,0.0007729078350652
409,0.0005989933145939786
410,0.0012646891902094294
411,0.0013164659335339437
412,0.000827185449065634
413,0.0005118186351916425
414,0.0006542625727920888
415,0.0006306726607220178
416,0.0009317645046985112
417,0.0008397156567961317
418,0.0011998568006865917
419,0.0015614861706729618
420,0.0011354246115290443
421,0.0013171146123241951
422,0.00024828726523797473
423,0.0024011600460609123
424,0.000474165273112831
425,0.001214889681808769
426,0.00035654934333600075
427,0.001638472374002564
428,0.0011617718314397888
429,0.0008647050455157779
430,0.0008853568523707407
431,0.0016999488265401893
432,0.0015157824002452838
433,0.0016187064943099128
434,0.0006390703113556533
435,0.001645755999857757
436,0.0013002333156602384
437,9.011242818764439e-05
438,0.00010646395273069525
439,0.000379574472932529
440,0.00019115010664302965
441,0.0005237647011511031
442,8.197675256338982e-05
443,0.0017829139474083485
444,0.0004914696765682657
445,0.0005591729258425336
446,0.00013915321623531583
447,0.0011706792164713153
448,0.0012066599978006213
449,0.0010787581819354031
450,0.0008981658957265661
451,0.0015918335279105857
452,0.0009804307604525516
453,0.00022202926006630177
454,0.00048185956876313843
455,0.0014692546099715799
456,0.00039580900273917613
457,0.00023240616333032382
458,0.0006717449417073047
459,0.0002309407143512999
460,0.00026506110963158596
461,0.0008028898231975275
462,0.0012544005129485353
463,0.0006855866949988132
464,0.00037046206069975247
465,0.0011069913942405095
466,0.0005507927765909344
467,0.0005477414229666004
468,0.0007013098451833982
469,0.000728113954192967
470,0.0011261143470750413
471,0.0018273867663024883
472,0.0013099064197505082
473,0.001045866717845548
474,0.001545295716275466
475,0.00160187027250948
476,0.0011607999426320758
477,0.0010535588980166955
478,0.0008273394254834881
479,0.001719907252726576
480,0.001744300645899699
481,0.0005999471877189839
482,0.0010942260763458775
483,0.0020924748733901185
484,0.0013797168326285295
485,0.0013568026767629875
486,0.00052913953660151
487,0.0005340886278163828
488,0.0009391417158358011
489,0.0005101842461676367
490,0.0004682219963636672
491,0.0006762008130573023
492,0.0008590000858282052
493,0.0005488088516081625
494,0.0008184523138128466
495,0.0005119969124322222
496,0.0017616179134068036
497,0.0006351168117854981
498,0.0015506955699315147
499,0.0005737861971912122
500,0.00035757431904050944
501,0.0014756430600398151
502,0.0008998155741883585
503,0.00043930600777334895
504,0.0010707590187069554
505,0.0006886249854128764
506,0.000942423496286014
507,0.0008533173651688495
508,0.0016973812003829342
509,0.0010700750816401892
510,0.0013111560202396775
511,0.00167972724302435
512,0.0005446330038979081
513,0.0006198809133260664
514,0.0016564217618607676
515,0.0013597475888823519
516,0.0006316519133531414
517,0.0008401068678167432
518,0.0009007636546417363
519,0.0010120267344532763
520,0.0010773447288424994
521,0.001082421902360976
522,0.0003524903690985262
523,0.001244079228528644
524,0.00039736334147836704
525,0.0010004947524303504
526,0.0011261639534322985
527,0.0019239876642405387
528,0.0013041782274040895
529,0.0008329688441577705
530,0.000752270525162796
531,0.0013748024927922827
532,0.00019402034171977342
533,0.00017382837121369377
534,0.00015780414698535414
535,0.00040926133276728645
536,0.000153868736079168
537,0.00039256918880200805
538,0.0006371476913308847
539,0.0002821192520451319
540,0.0005249176650867021
541,0.0005723298365739874
542,0.000844025739195402
543,0.0002500035875789887
544,0.0009051527332754251
545,0.00017394249346796472
546,0.0018780607529900806
547,0.00038535022383998297
548,0.00015425666405988265
549,0.0013149975217890755
550,0.0015277844529344208
551,0.0002976072553159597
552,0.000566548915612466
553,0.0006655075325736646
554,0.0013156188021089961
555,0.0004470885731798165
556,0.0004804918024409116
557,0.00022470079844806817
558,0.0010801525258017277
559,0.001405832218651658
560,0.00024049694144629363
561,0.0006475414719630544
562,0.0005380120514159963
563,0.0006237808896712252
564,0.0003209950633894261
565,0.000259852139249773
566,0.001686589783979779
567,0.00036046325707661173
568,0.002292834097951539
569,0.0010552004120805045
570,0.0005682060672339686
571,0.00040532680208064514
572,0.0006874162375899604
573,0.000644840389372397
574,0.00022225529842395214
575,0.0004983808163478288
576,0.0010072774991068852
577,0.0007752409865856571
578,0.0013191428740060062
579,0.00023248681909304164
580,0.0006017786829375829
581,0.0006490970668808309
582,0.001416519736777596
583,0.00045567036740328854
584,0.0007520702415988078
585,0.00044985894794626004
586,0.0007145878802866973
587,0.00018192070745964023
588,0.0019768365996015954
589,0.000439285796492483
590,0.00047660807271756244
591,0.0013524352729220512
592,0.0004325328244927321
593,0.0004482321075376139
594,8.734823155511829e-05
595,0.0004920494191771444
596,0.0009018942125998906
597,0.0015241184350340549
598,0.000356226631134369
599,1.6550870025898055e-05
600,2.6743921907502013e-05
601,0.00024654336392703597
602,0.0008045606894423882
603,0.0016061715670504454
604,0.0006607446894297377
605,0.0003163385115310918
606,0.0006451451466128594
607,0.000629637389065127
608,0.0006256677660054636
609,0.0005715356955738745
610,0.0007505204481696988
611,0.00038414298393915045
612,0.0006464389824617149
613,0.000294619845317755
614,0.0005333444398055208
615,0.000520565399040495
616,0.0009660888159107875
617,0.00046747288766504664
618,0.00020546030982245106
619,0.0006326668695953288
620,0.00043070706063151474
621,0.00044220856501736626
622,0.0007340911255329691
623,0.00042253855665148486
624,0.0002953971527288525
625,0.0008053562248346302
626,8.334558105493444e-05
627,0.0007679771424487731
628,0.0012826285795571875
629,0.0007564450705348205
630,0.00035962919073034085
631,0.0014356163433670239
632,0.0005618565344020771
633,0.0006190763131647423
634,0.0002439661371271103
635,0.000545873446962415
636,0.000976518808073514
637,0.0006907182624663092
638,0.0007473306479785842
639,0.0007320711143492411
640,0.0007967006800062322
641,0.0005967207694487959
642,0.0009659885156612528
643,6.060300241415143e-05
644,0.0007016444037440209
645,0.0005941817073707957
646,0.0006850088524249435
647,0.0007216224149845569
648,0.0005730401672666088
649,0.0005909056652127707
650,0.0007195973136847198
651,0.0014847066041330692
652,0.0008539394617171753
653,0.00038027984251894347
654,0.0012695793209294584
655,0.0019427771852337003
656,0.000433917378760481
657,0.0011256320121799082
658,0.000882269466910061
659,0.0012784624038352272
660,0.0016630361587647662
661,0.001053918770905435
662,0.0007764064273206702
663,0.0010633649566030969
664,0.00046778715199214993
665,0.0009990714590829071
666,8.378774451983202e-05
667,0.00015711886374290577
668,0.00011574782633293087
669,0.0001746426998061998
670,0.0007142877216247661
671,0.0005070581104813969
672,0.000658762002338856
673,0.0008686325114938684
674,0.0008334208301630385
675,0.000564934975846728
676,0.0008929034344377759
677,1.655087002589806e-05
678,0.0012220923701720954
679,0.0010822999177473164
680,0.00025230391227359727
681,0.0002128402320096669
682,0.0008170350134013812
683,0.0003206145834862072
684,0.001542435682234524
685,0.0015383576652025347
686,0.00062110336373596
687,0.0007665519529491658
688,0.0002605041387412068
689,0.0008173925158315986
690,0.0007356184922014002
691,0.0004229008197124531
692,0.0014904964048655805
693,0.0010125573507880215
694,0.0003956976487177027
695,0.00017279879957945513
696,0.0009433053218559089
697,0.0004635852166340332
698,0.00045691210832359415
699,0.0009280072543192833
700,0.0005469862809503988
701,0.0003593159553947276
702,0.0006274805071292602
703,0.00021813000475573723
704,0.0005440373402130615
705,0.0011059398075671347
706,6.734645287995969e-05
707,0.0009394077667323202
708,0.0013076063650502901
709,0.0010153714311155213
710,0.000793500563948742
711,0.0002974578570218126
712,0.0005806411535701601
713,0.0006018740553647903
714,0.00045094035383304163
715,0.0012960442732257793
716,0.0006257611309348621
717,0.0006525255432760068
718,0.00017238342905524705
719,0.0003788631580425223
720,0.0008306022790421049
721,0.0006089958808837375
722,0.0009559655531008087
723,0.00043839495587174877
724,0.0007393149831352138
725,0.0002562690605135932
726,0.00019535669195814288
727,0.0006967789270389665
728,0.0005691503934991019
729,0.0008983304682538949
730,0.0002663169251648734
731,0.0004881795980302764
732,0.001671897108324221
733,0.000513260842627257
734,0.0006448720681990492
735,0.0013388749671753512
736,0.0007407856174773934
737,0.0006420373957958756
738,0.0006236615704017438
739,0.0015716446856582059
740,0.00044552538042506493
741,0.0007974063992060838
742,0.0017885718018605993
743,0.000355664688910055
744,0.0006562237451407726
745,0.000198107515078188
746,0.0012306013519381802
747,0.0010517811010250296
748,0.001583734505910912
749,0.00036989898581622673
750,0.0006879001807998705
751,0.0010464137596271513
752,0.0003044561995257269
753,0.00026888282967209407
754,0.0005928792374095527
755,0.0009704368615776722
756,0.0009452914814861822
757,8.718247533093899e-05
758,0.0005129620486008529
759,0.00017699674297697154
760,0.0003948145448627386
761,0.0008452870856017253
762,0.0009556328047517395
763,0.0011089093839451647
764,0.0005966486906586785
765,0.0004602966551218516
766,0.0004388278284020293
767,0.00016460812204673763
768,0.0005993397636901161
769,0.00046429724216250095
770,0.0006541215339019709
771,0.0004778708923479865
772,0.0005164028867916498
773,0.00023118338665191904
774,0.0003953530103626591
775,0.00036832540856706724
776,0.00013869408893508846
777,0.00037820063323667965
778,0.0010756996747217386
779,0.0006935691167580047
780,0.001045690456425265
781,0.0008622201403091434
782,0.0005029572917458101
783,0.0005005070355809802
784,7.036437219747936e-05
785,0.0007609048552252312
786,0.0005288137641848076
787,0.00019068632249793704
788,0.00036143353451538435
789,0.0005798473808745334
790,0.0007157492899040313
791,0.0001578765893727823
792,0.0012212585187768724
793,0.0001801896978926025
794,0.0008406594410205755
795,0.00027075917770893044
796,0.0004537630021626347
797,0.00034626548153245086
798,0.00014952378664755383
799,0.0003564549353643656
800,0.00033685006671755035
801,0.0002364675048082271
802,0.0007858273386458714
803,0.0001645035673337706
804,0.00041758086602899057
805,0.0003627637045824945
806,0.000867780766767134
807,0.00018102179627857315
808,0.00039079479294340514
809,0.00048498210826758767
810,0.0008115851959325704
811,0.00048111253586267954
812,0.0002447963102145453
813,0.0007198754024977938
814,2.9249020591085644e-05
815,0.00081372780290873
816,0.0005356401970497489
817,5.204234295939947e-05
818,0.000569349076912454
819,0.00034501093296749404
820,0.0008241894023985945
821,0.00025692121996105687
822,6.332515650107159e-05
823,0.0007728896657528496
824,0.0008359451190559756
825,0.0007547052604269387
826,0.0007066893706103288
827,0.0004638136764629807
828,0.00013722472988241522
829,0.000276394605397527
830,2.9249020591085644e-05
831,0.0011191849808304352
832,0.00023778802497166748
833,0.0007625614168199966
834,0.00026224964138492904
835,0.00014082158960607166
836,0.0005698953900244671
837,0.00029421649797425263
838,0.0003365800049711949
839,5.452083355951677e-05
840,0.0004787122532774398
841,0.0006947462940159453
842,0.0006415206148822526
843,0.0003941190722371262
844,0.00040927648516719123
845,0.0016331336826723303
846,0.000369632159658068
847,0.0004902378301705914
848,0.0004144239204006227
849,0.0008572692949536116
850,6.696000064225076e-05
851,0.0003760762318598762
852,2.9249020591085644e-05
853,0.0004883163610495528
854,0.00021320501770036011
855,0.0005906754005722233
856,0.00038526635484025955
857,2.9249020591085644e-05
858,7.849866816220328e-05
859,0.00045488867963292353
860,0.00019583944512868744
861,8.136553884157775e-05
862,0.00018706118501580297
863,0.0002552590531461001
864,0.0009048489481439878
865,0.00025451144616579503
866,0.0008448778956336454
867,0.0001226690157965486
868,4.6396669921524424e-05
869,0.00029161289709739524
870,0.0001230765953161223
871,0.0008322652861519785
872,0.0003072869164885889
873,0.0007614798686221416
874,0.000581786925619615
875,0.00039444659195466824
876,0.0003292363948984547
877,0.0003566938199442063
878,0.0005502074526263583
879,0.0007276661389041665
880,0.0006552830907170586
881,0.00030969560705556865
882,0.00024276811738234357
883,0.000122729842106547
884,9.195935183707657e-05
885,0.0004396707368839063
886,0.0003357368387355856
887,0.00040686068262370294
888,0.00012761269980119915
889,0.0004304274804248476
890,0.0006857046156875672
891,3.998670154861986e-05
892,0.00030974672050583226
893,0.0003811991446095098
894,0.00012781386929018126
895,0.0009630078722906544
896,0.00030669175163166933
897,3.585668990606398e-05
898,0.0006148836954619212
899,0.00010072977861082713
900,0.0003057626007990045
901,0.0004018845900996132
902,0.0006093596053478346
903,0.00015913577710167853
904,0.00023426671140007788
905,0.00022237159026829842
906,0.0004495085754653001
907,3.6050311738250016e-05
908,0.00013247992695752424
909,0.00012226708389288855
910,0.0003632315872629969
911,0.00037021824739628104
912,0.00011534345570175656
913,6.525541852861534e-05
914,0.00011724177654325976
915,0.0001756806097009077
916,0.000497568166089416
917,9.254488266094478e-05
918,0.0004141363372313315
919,0.0007733844466151356
920,8.864152626021486e-05
921,0.0007627009539657567
922,0.00034618679988686276
923,0.00048646093874913894
924,0.0006403338453048423
925,0.00031569283468583495
926,0.0007548796978744546
927,0.00010396002222929463
928,0.0009036420667036393
929,0.000382370103934871
930,0.0006864221937735521
931,0.0005414358331944224
932,0.0006472361510760557
933,0.00018874713333177893
934,0.0005008909637959532
935,0.00037506971580377537
936,0.00027481629042588917
937,0.00022414543096809853
938,0.00014930697723195794
939,0.0009540516973839667
940,0.0003980121455138027
941,0.0005036901912175353
942,0.0008771108600942477
943,0.0007401179755231016
944,0.0007871175765039777
945,0.0003977362596837917
946,0.0006030260758092732
947,0.000159253793177295
948,0.0003242991205193091
949,0.0006562164430024833
950,0.0003276252034376892
951,0.0004440074442202313
952,0.0006782786418437915
953,0.000297389826990214
954,0.000153630408226903
955,0.000828231701039255
956,0.0008004754528394541
957,5.2309636656997375e-05
958,0.00017132260577943208
959,0.0007263235414292223
960,0.0002933363195745971
961,0.000637739900787752
962,0.00022877936208161206
963,0.00036080350912792144
964,0.00042960632400542375
965,0.00024509305567900063
966,0.0006088543248855322
967,0.0004319301008712561
968,0.00017347355906760883
969,0.0009238975475943374
970,0.00011607572907761279
971,0.0003507895908644974
972,0.00036934140041941965
973,0.000328666218466701
974,0.0003265049305913008
975,0.00041249169869139556
976,0.00012379187083140814
977,0.0004752704238283036
978,0.0002516624470545415
979,0.0003542380768321505
980,0.00028741824167997107
981,9.432261320441765e-05
982,0.0004939897280204085
983,0.00015474626450660085
984,0.0003390836477892859
985,0.00019168104632444208
986,0.00021258521867906297
987,3.957802323538489e-05
988,0.0007187789361031213
989,0.0004940276161591619
990,0.0002215838355397308
991,0.0001916137765978832
992,6.17485192177078e-05
993,0.00048819812839233693
994,0.0003841066272299256
995,0.00022092890366009156
996,0.00016070207808263441
997,0.0005181658927578714
998,0.00018174101987549794
999,0.0001353497382472125
1000,0.0001361095937380165
1001,0.0001871105825599476
1002,0.00010540236948272339
1003,8.568792510774866e-05
1004,0.00012705579865969203
1005,0.00023579189770365637
1006,0.0002713632560711526
1007,0.0006720654231648355
1008,0.0003370582195243555
1009,0.0004886655429052417
1010,0.0007431744315410302
1011,0.0011193636768940356
1012,0.0007341251827883106
1013,0.0003197407252008274
1014,0.0008002578714222234
1015,0.00042698601619427137
1016,0.0013408161770499666
1017,0.0007152830070528535
1018,0.0006366105263708947
1019,0.0003008157287967834
1020,0.0003378156609763568
1021,0.0006607549125311816
1022,0.00050707590500942
1023,0.0002849442609745651
1024,0.000398615415870029
1025,0.0002770356404334167
1026,4.534146436123518e-05
1027,6.32376191328459e-05
1028,0.0013836322404405096
1029,0.0004900240375038773
1030,0.00022785043937956535
1031,9.924035609001496e-05
1032,0.00019718232893954093
1033,0.00029547893573496174
1034,0.0005545723238625313
1035,0.0009750558490852858
1036,0.00026188583389070356
1037,0.0005814413218921885
1038,0.00011774229702842995
1039,0.0007780413431578986
1040,0.0005166182630215642
1041,0.0006459623016465873
1042,0.0006626572470861344
1043,0.0003883991456164334
1044,0.0005192239784106979
1045,0.0003388096779630031
1046,0.000839011114699044
1047,0.0010477729073857863
1048,0.0006667739313958343
1049,0.0002431210304241029
1050,0.0006976776678739848
1051,0.000620398069895883
1052,0.0002632899311240458
1053,0.00031910006682160554
1054,0.00021830811161430546
1055,0.00013841246618585343
1056,0.00011387134027090703
1057,0.00022358538483759738
1058,0.00021173833777451322
1059,0.00028568599920507565
1060,0.0003003029470452584
1061,0.00023272807275421598
1062,0.0003991006248513382
1063,0.000675222535475095
1064,3.660841954466827e-05
1065,0.0007810748685360604
1066,0.00048435223738443173
1067,0.0003498533267397359
1068,0.00014251777600172622
1069,0.00025607714174526457
1070,0.00033407236490843207
1071,0.00019077948554851773
1072,0.00011084637256911192
1073,0.000905325825413377
1074,0.0011336748601700564
1075,8.509960086281104e-05
1076,0.00017338898830328024
1077,9.384454657299803e-05
1078,0.0005445157270894615
1079,0.0004361328888559382
1080,2.0718521530139608e-05
1081,9.42818415998159e-05
1082,0.0001123964707242721
1083,5.590541638512925e-05
1084,0.0001810211192858839
1085,0.0001564232550275087
1086,0.00023586425363780996
1087,0.0001274646800876443
1088,0.00043719622712145873
1089,0.00034292270659955383
1090,0.000710398110401537
1091,0.0007686245085956156
1092,0.0004515373931097838
1093,0.00023577840871374331
1094,0.0003956030627537099
1095,0.0002990427361302151
1096,3.194183994147569e-05
1097,0.00021423097077560176
1098,0.0007245994932727176
1099,0.00015239735709792027
1100,0.00014119317106196265
1101,0.0007386858282160216
1102,8.069650433708813e-05
1103,0.0002568308224144852
1104,5.780449201081686e-05
1105,0.00011243493831649983
1106,0.00034543545946275317
1107,0.00027357428904289585
1108,0.0004167496778697189
1109,0.0003315602232427085
1110,0.0007408741623376295
1111,0.00014049580305384185
1112,0.0005276184336922399
1113,0.0006008897313669542
1114,0.00039192258784638806
1115,0.0002451564703199387
1116,0.00041372659651903166
1117,0.0004417288082160538
1118,0.0005524222113976378
1119,0.0005860294360019373
1120,0.00019791024886525125
1121,0.0004979545979799198
1122,8.607420532206972e-06
1123,4.4016820839392917e-05
1124,0.00040123697026914874
1125,2.845257184784985e-05
1126,0.00028107854363326973
1127,4.7793877927445987e-05
1128,0.00016053059029970753
1129,0.0005603072253150921
1130,9.066357322976493e-06
1131,0.00046064072785161124
1132,0.0005684087994988866
1133,0.0003290446629241296
1134,0.0006549609806595233
1135,0.0005382398834806827
1136,0.00032921408218210854
1137,0.0002489055830971005
1138,4.608784903811276e-05
1139,0.0007179555479073399
1140,0.0005137461543172696
1141,0.00011292602773176497
1142,0.0006517268748871068
1143,0.0004575571429095448
1144,0.0003467758770020609
1145,0.0003974938679613776
1146,5.895611296996599e-05
1147,0.00029937753091595744
1148,0.00010811464232946531
1149,0.00022032854014728082
1150,0.00038870052201815864
1151,0.0001101733928285552
1152,0.00020234030573911414
1153,0.0002447737951179465
1154,0.000112541165463856
1155,4.3823384953238804e-05
1156,3.7409263871358113e-06
1157,0.0005391349605363139
1158,0.00034549338571315325
1159,0.00040686973407812974
1160,0.0002519163782102693
1161,0.00043537761057110054
1162,7.596150366127457e-05
1163,0.0002378094355674595
1164,0.0003563882517015953
1165,0.00043271602332217967
1166,0.00020022783654070192
1167,0.00014569545467474072
1168,0.00028217989191253897
1169,0.00016080104173459383
1170,0.00034237641837542754
1171,0.00014470242448485048
1172,0.00044298723313895545
1173,0.0004121909255565904
1174,0.00013400708719866624
1175,5.04908858405319e-05
1176,0.00016334351054470678
1177,9.656828435012437e-05
1178,0.0002700943698139502
1179,0.00014728844924845208
1180,0.00015021350272307251
1181,0.00042015464278671996
1182,0.0004900760877423832
1183,0.00046993486012247344
1184,0.0004552970106203205
1185,0.0002046675754729486
1186,0.00035686676170175533
1187,0.00043977144497851653
1188,0.0007609576128721652
1189,4.171767182308928e-05
1190,0.00036540723432843377
1191,2.2131548843499252e-05
1192,0.00018116722875118491
1193,0.00013326426236617557
1194,0.0003536764042978497
1195,0.00016051578843596692
1196,5.37067886725751e-05
1197,0.000673747978962972
1198,0.00013990838952454072
1199,0.0005205112357895863
1200,0.00039095922986646784
1201,0.0003024568974952299
1202,0.00010971969213746362
1203,0.00020884129914545507
1204,0.00016976425843209087
1205,0.0003736483370855006
1206,0.00026444903137583584
1207,0.00052021988814953
1208,0.0005930584332123202
1209,0.00023706667867910415
1210,0.0007602679884220377
1211,0.00016585345081493482
1212,6.93757666729439e-05
1213,0.0003838443082292853
1214,0.00011965063106309648
1215,0.00032897674092206483
1216,0.00035983051936361917
1217,0.0007650239812166538
1218,0.00029233957044825934
1219,0.00022309925735997192
1220,0.0004394149132657881
1221,0.0007650115407596806
1222,0.00030701342657419987
1223,6.860575786142792e-05
1224,0.00020880025246932708
1225,0.00018656216996197075
1226,0.0003468133913599863
1227,0.000398784294627277
1228,0.000545927084145068
1229,0.0001731255411002945
1230,0.00023269393301074743
1231,0.0005608790075985388
1232,0.00024770995942224904
1233,5.092469363974432e-05
1234,0.0003165519915076495
1235,3.4316007784022974e-06
1236,3.4316007784022974e-06
1237,3.341685594304507e-05
1238,0.0003464483761832775
1239,0.00025523336792848716
1240,0.0002528933354568381
1241,5.5688286008480604e-05
1242,0.0003636279205484726
1243,3.8782880902109865e-05
1244,0.0006435059107445539
1245,0.00022913973684245202
1246,0.00010328502207808037
1247,0.00010299536949331093
1248,0.00028049795009261075
1249,0.0004654349318506248
1250,0.00010159073423418118
1251,0.00034454289720669255
1252,0.00042720527828067146
1253,0.00011029525386525683
1254,0.00036336842308512464
1255,0.00041515042291851974
1256,6.10034953892594e-05
1257,7.214038927322188e-05
1258,0.0005064529260120207
1259,4.436377667407857e-05
1260,6.392886041479012e-05
1261,7.774937473077042e-05
1262,0.00040054755030362625
1263,0.0001550766691831183
1264,7.70865351934513e-05
1265,0.00048813782914039494
1266,0.0004417942792370233
1267,0.0007631871629248696
1268,0.00014777704117703363
1269,0.00011125252685891869
1270,8.044310042137018e-05
1271,0.00011294719917122041
1272,6.095959370840838e-05
1273,0.00047472616963303957
1274,0.0004511107603040248
1275,0.00036537072280447703
1276,0.00011483011819212825
1277,0.00046586134747195077
1278,0.00012904695544062878
1279,9.395844380656471e-05
1280,0.00040436692626720906
1281,0.00014076622496539182
1282,0.0003999264892239944
1283,0.00043808859263334913
1284,0.0002598414028415774
1285,0.000164531426520286
1286,0.00021456223933258046
1287,7.633896347712595e-05
1288,0.00014049906236719586
1289,0.0003757497800256909
1290,0.0003449713189101814
1291,0.0001886861364738238
1292,0.0003376713934767169
1293,1.162551777765464e-05
1294,3.022269977054222e-05
1295,7.227684216361646e-05
1296,0.0001666454618809198
1297,0.0001758578013721522
1298,8.93873507815181e-05
1299,0.00035186718716225
1300,0.00038200043060101504
1301,5.5586521825696544e-05
1302,0.0003555715352587193
1303,0.000503399236574604
1304,0.00030620283179557057
1305,0.00011214188150679885
1306,4.462419264816515e-05
1307,4.462419264816515e-05
1308,4.462419264816515e-05
1309,3.5112080574175888e-06
1310,3.5112080574175888e-06
1311,0.0005291753891231438
1312,9.168148651861735e-05
1313,8.372418325693963e-05
1314,0.00013034288386726853
1315,0.0004730056125960329
1316,0.00036102364015887017
1317,8.359913472564707e-05
1318,7.629986455334235e-05
1319,8.832505282219667e-05
1320,3.1987043566856784e-05
1321,5.196801481206573e-05
1322,0.00039157685447129773
1323,0.00033189327293318364
1324,6.571181783392671e-05
1325,0.00032155531328969107
1326,5.5071353144369015e-05
1327,4.143477383152211e-05
1328,6.37615588013058e-05
1329,0.00032155531328969107
1330,6.226278458759287e-05
1331,4.8025371929498296e-05
1332,3.8290424040134956e-05
1333,0.0003560775009338287
1334,7.310691647549903e-05
1335,0.0001289109474006048
1336,0.00013185006274318598
1337,0.00014871977978503484
1338,8.533561426869764e-05
1339,0.00032155531328969107
1340,3.1987043566856784e-05
1341,3.1987043566856784e-05
1342,0.000323532287026287
1343,0.00032155531328969107
1344,8.305716353283459e-05
1345,0.00032801149554859886
1346,9.018114662541119e-05
1347,3.99936932446127e-05
1348,0.00032155531328969107
1349,3.1987043566856784e-05
1350,4.138503161210584e-05
1351,8.332265386577607e-05
1352,3.1987043566856784e-05
1353,9.76661918443458e-05
1354,3.359668610272536e-05
1355,5.632387805818172e-05
1356,8.424834235281917e-05
1357,0.00032451739959977566
1358,0.00032458964487007256
1359,0.00036282136038306756
1360,4.246067520421271e-05
1361,6.50775988934124e-05
1362,0.00032514548300402295
1363,0.00032155531328969107
1364,3.1987043566856784e-05
1365,3.411345663484457e-05
1366,0.00032155531328969107
1367,5.5294620608913573e-05
1368,8.713526861708302e-05
1369,7.437142712085006e-05
1370,7.4827493217703e-05
1371,0.00032748533734548794
1372,4.2613263810627023e-05
1373,0.00032155531328969107
1374,3.613412098923979e-05
1375,0.0004142244494584318
1376,0.00010347728894009391
1377,0.00035069789509341374
1378,0.00010371417564284307
1379,0.00041987789235070703
1380,0.00038647944469287693
1381,0.0003626470662316729
1382,9.342179560398116e-05
1383,0.0003635969499739182
1384,9.165788853593566e-05
1385,7.042728498232468e-05
1386,7.164183266245107e-05
1387,9.165788853593566e-05
1388,9.655384013427019e-05
1389,5.5578293753979565e-05
1390,5.053208860456398e-05
1391,9.165788853593566e-05
1392,5.611153220819661e-05
1393,9.157158293400023e-05
1394,0.00010511169741850182
1395,8.565509276455978e-05
1396,3.7424339718904144e-05
1397,0.0003565537098484977
1398,0.00031623783136017105
1399,0.00036171815558696976
1400,0.0001773866098127914
1401,0.00046018624206056844
1402,5.282177972946129e-05
1403,6.369574535837201e-05
1404,0.0004516767059825542
1405,0.00037063327743551866
1406,6.644038973334113e-05
1407,0.0005731374043572478
1408,6.240942497656623e-05
1409,9.438296718647218e-05
1410,4.532228872256554e-05
1411,0.0003206880218844511
1412,8.609139322857038e-05
1413,9.404460657654131e-05
1414,4.699916038482476e-06
1415,0.00012651741168362408
1416,5.8989314251283585e-05
1417,0.00031186266397785077
1418,5.6973121349167875e-05
1419,0.00020251126048990436
1420,2.725904898270483e-05
1421,0.00020167767568689737
1422,6.701103481507515e-05
1423,8.786861213515427e-05
1424,6.631069024030322e-05
1425,0.00016149949600907646
1426,0.00013100894899083405
1427,6.124977948088305e-05
1428,0.00045496394877982783
1429,4.8828653012781694e-05
1430,0.0003017676070699368
1431,2.075731478272428e-05
1432,0.000340724219406304
1433,1.2583280087473398e-05
1434,8.742781683216528e-05
1435,0.00013137912625297874
1436,4.5408256728204745e-05
1437,0.00013330135581141926
1438,0.00010145480319025399
1439,0.0004203089081277689
1440,7.20739389739514e-05
1441,0.0001272301924594616
1442,0.0003597986680785255
1443,3.7818302959522645e-05
1444,0.0005025251615746151
1445,0.00011974271847255483
1446,0.0001783268840700242
1447,0.0003118759155519308
1448,6.909172013560686e-05
1449,8.762883276058328e-05
1450,2.8781327027766454e-05
1451,0.0004335929679036376
1452,0.0003118759155519308
1453,2.2254461071777977e-05
1454,6.660504254141138e-05
1455,2.84528442156894e-05
1456,9.426474725359367e-05
1457,2.2254461071777977e-05
1458,0.0003118759155519308
1459,7.167678311914026e-05
1460,0.0003118759155519308
1461,2.2254461071777977e-05
1462,0.00010041857562091416
1463,2.8207974261865064e-05
1464,5.311324718760715e-05
1465,4.5158557628720357e-05
1466,0.0003625336911910184
1467,1.8969031084375248e-05
1468,9.286389521390761e-05
1469,0.0001647104514750841
1470,0.0003620436521953949
1471,0.00013211916034474571
1472,6.566439631680053e-06
1473,0.00011169143857370551
1474,7.950648072906675e-05
1475,0.00012141922845224063
1476,1.3313299510012706e-05
1477,3.1862411485362386e-05
1478,0.0002634684780331094
1479,0.00016308595330235536
1480,0.00016147304609299187
1481,0.0003315071126886039
1482,2.190869744402109e-05
1483,0.00010265704642191026
1484,0.00035688488258635406
1485,4.547531263877506e-05
1486,1.9980998209608042e-05
1487,8.184146197988994e-05
1488,7.827966967211282e-05
1489,6.073184756753243e-05
1490,7.825267438676679e-05
1491,0.000314702791955264
1492,1.9980998209608042e-05
1493,1.9980998209608042e-05
1494,1.9980998209608042e-05
1495,7.167110956506676e-05
1496,5.96482769666757e-05
1497,0.00032195766186795426
1498,1.9980998209608042e-05
1499,0.00010950775246321449
1500,2.156309865340455e-05
1501,8.767388999231913e-05
1502,2.4688971070248313e-05
1503,0.0004195092399416053
1504,0.00031900229347481913
1505,1.227395490976176e-05
1506,6.025055458054286e-05
1507,1.183945120439481e-05
1508,3.95629449478331e-05
1509,9.243144285972414e-05
1510,2.025958062693121e-05
1511,6.532226700447365e-05
1512,6.094756180587464e-05
1513,3.886154854348942e-05
1514,9.628241517319392e-05
1515,1.5827955938876562e-05
1516,6.588239441415064e-05
1517,8.948587895123017e-05
1518,0.00018481800617201942
1519,0.0003413525887578283
1520,1.0608928001774611e-05
1521,5.37404296436043e-05
1522,9.893335383922509e-05
1523,2.0683430229639578e-05
1524,6.877361709013423e-05
1525,0.00030414601418001625
1526,9.933593202743089e-06
1527,0.000333530407832824
1528,3.455078528167121e-05
1529,0.0003900406690787905
1530,8.951611530998849e-05
1531,0.00011364338573867208
1532,0.0003310630283802746
1533,5.533774032359138e-06
1534,4.118444497466512e-05
1535,0.0003831893924117262
1536,1.2409614175825213e-05
1537,0.00033219021062187005
1538,0.00035699375984255834
1539,8.50852989941785e-05
1540,0.00014902487934625688
1541,0.000314327501645293
1542,0.00031288495841121533
1543,0.0003040180042514044
1544,5.5642627252661914e-05
1545,6.944475193474233e-05
1546,0.00033091667286974365
1547,4.997717232350378e-05
1548,4.111596466926384e-05
1549,7.71224699162344e-05
1550,0.00034575693727178765
1551,0.00033959539344701476
1552,0.00035541467961042265
1553,0.0001025568777593574
1554,0.000366910936580152
1555,7.419682344477379e-05
1556,4.4116621248193564e-05
1557,4.111596466926384e-05
1558,7.295005525034896e-05
1559,0.00033091667286974365
1560,0.00010138431732271576
1561,4.111596466926384e-05
1562,4.111596466926384e-05
1563,4.111596466926384e-05
1564,4.111596466926384e-05
1565,4.111596466926384e-05
1566,4.111596466926384e-05
1567,4.111596466926384e-05
1568,0.00033091667286974365
1569,4.111596466926384e-05
1570,4.111596466926384e-05
1571,4.111596466926384e-05
1572,4.111596466926384e-05
1573,5.130296296207601e-05
1574,0.00033091667286974365
1575,0.00033091667286974365
1576,4.111596466926384e-05
1577,4.111596466926384e-05
1578,7.71224699162344e-05
1579,0.00033091667286974365
1580,0.00033091667286974365
1581,4.111596466926384e-05
1582,0.00033091667286974365
1583,0.00033091667286974365
1584,4.111596466926384e-05
1585,7.71224699162344e-05
1586,4.111596466926384e-05
1587,0.00033091667286974365
1588,5.967012571144773e-05
1589,8.248744573756846e-05
1590,5.967012571144773e-05
1591,7.131963971614777e-05
1592,6.998724256663e-05
1593,0.00029940002471435926
1594,3.270524912953184e-05
1595,8.168674628918606e-06
1596,8.168674628918606e-06
1597,4.177855375521849e-05
1598,4.9982263262438525e-05
1599,1.0702537983586567e-05
1600,6.319330619165012e-05
1601,0.00029607487824658566
1602,4.079175102512422e-05
1603,2.226648568500345e-05
1604,8.868070627362976e-06
1605,6.602852362773006e-05
1606,6.419258263208981e-06
1607,4.637664220971225e-05
1608,3.9724985212227855e-05
1609,0.0003336435315946211
1610,3.0030028650419218e-05
1611,2.8194550263995554e-05
1612,0.00030473332761242423
1613,6.598624209635685e-06
1614,5.136053761167421e-06
1615,0.00038879871788756194
1616,8.949691264389216e-06
1617,8.921879949280855e-06
1618,2.097523557741295e-06
1619,0.0002981321143204835
1620,0.00036468586005003315
1621,1.3775291729978407e-05
1622,2.1278618758008483e-05
1623,5.634031385625638e-05
1624,4.704628365004086e-06
1625,4.704628365004086e-06
1626,1.2055561834279936e-05
1627,1.2138633386870809e-05
1628,5.96870496731073e-05
1629,4.6673577503934375e-05
1630,0.00032578190108019893
1631,4.852381021251493e-05
1632,3.600660544090845e-05
1633,3.600660544090845e-05
1634,3.600660544090845e-05
1635,0.00032578190108019893
1636,3.600660544090845e-05
1637,3.600660544090845e-05
1638,0.00032578190108019893
1639,4.932049677009922e-05
1640,3.600660544090845e-05
1641,3.600660544090845e-05
1642,0.00033674339350678155
1643,0.0003555176381540168
1644,0.00034415890356550015
1645,3.600660544090845e-05
1646,4.0563945259660053e-05
1647,3.600660544090845e-05
1648,3.600660544090845e-05
1649,3.600660544090845e-05
1650,0.00032578190108019893
1651,3.600660544090845e-05
1652,0.0003139613457921912
1653,1.5423568167490978e-06
1654,3.961731370424077e-06
1655,1.616629446516945e-05
1656,1.2131412377409794e-05
1657,1.3194384378476076e-05
1658,0.00032462480190263867
1659,1.252053192685186e-05
1660,1.252053192685186e-05
1661,6.685235150891316e-06
1662,1.933186792992222e-05
1663,1.854334426304429e-05
1664,4.6926647751399364e-05
1665,1.854334426304429e-05
1666,1.854334426304429e-05
1667,1.854334426304429e-05
1668,1.854334426304429e-05
1669,1.854334426304429e-05
1670,1.854334426304429e-05
1671,0.00029325551169701275
1672,1.989260677752533e-05
1673,0.00029405345470189247
1674,0.00029788563726174783
1675,0.0002993965809160927
1676,1.04420083720569e-05
1677,8.530172768378246e-06
1678,6.219713335325322e-06
1679,6.219713335325322e-06
1680,6.219713335325322e-06
1681,0.00030478303545398847
1682,1.2567224432816417e-05
