1,0.0026906103872212264
2,0.0013247358817521748
3,0.0008235323175851376
4,0.0019329535827180499
5,0.0008526407874315512
6,0.0002442747007625957
7,0.0024935141330523418
8,0.0017930648154850738
9,0.0018896510527773623
10,0.0007434531352705718
11,0.0019718381724159874
12,0.0024232892790499254
13,0.0013853507690873377
14,0.0014866141585034105
15,0.0017743976869858949
16,0.0006285480709876544
17,0.0008722332199904864
18,0.00014353067994465223
19,0.0004610413221556525
20,0.0009029650088983635
21,0.0007705808797419723
22,0.002289896728356213
23,0.001818087382967905
24,0.0013876839501620088
25,0.0020180860263815195
26,0.0010579191438369671
27,0.0006418196294383787
28,0.0021942787150327093
29,0.0014779909042676228
30,0.00043423945408899405
31,0.0014363408909977718
32,0.0011105264249319333
33,0.0012643953984858803
34,9.222701365504245e-05
35,0.00042805705877553335
36,0.00022235623301594115
37,0.0004389892029914298
38,0.0014894846730051545
39,0.000887908942906354
40,0.0006528932654300838
41,0.00044643750474066636
42,0.001666527348841671
43,0.0005046221197121672
44,0.0009324912432843232
45,0.0007139527657081484
46,0.0003703711206832553
47,0.0013304248275026655
48,0.001068955374688313
49,0.0008996545304137834
50,0.003626256282533524
51,0.00090468027123024
52,0.0009263986047455596
53,0.001556039318334135
54,0.0011198006680655749
55,0.0013383849854651086
56,0.00275577156787005
57,0.0004149988970484826
58,0.0016575587269488108
59,0.0010721377436131493
60,0.0009261729562510709
61,0.0006398808483334985
62,0.001241092133343327
63,0.0011334858912989696
64,0.0024856183884532407
65,0.0011653351161277888
66,0.0017712939278323684
67,0.0010682796288378489
68,0.001337908922094283
69,0.0024814103451084512
70,0.0020763544350448464
71,0.0018777991743183025
72,0.001620600467162058
73,0.0012805661109589596
74,8.545133947256852e-05
75,8.463523949685016e-05
76,0.0006564713849591389
77,0.001447645339744122
78,0.0004292729117513921
79,0.002537190296637868
80,0.0007819349712577912
81,0.001191289758988018
82,0.002190688322719605
83,0.001436538397850871
84,0.00019901997517506644
85,0.0006540325460869991
86,0.001283304725364918
87,0.0016152793902232036
88,0.0018583976215586662
89,0.0024970988162601945
90,0.0009971297440156564
91,0.0013515199639213009
92,0.0010583572518829056
93,0.0012235269676853335
94,0.0012802451518569738
95,0.0021793592008081605
96,0.0023226991173405024
97,0.002110821773783976
98,0.002715202283897974
99,0.0018918994518161464
100,0.0029464757229760437
101,0.0007622861330604874
102,0.0005417500107721423
103,0.00015949438834095796
104,7.877373295441084e-05
105,0.0009393594762567338
106,0.0005820793687115795
107,0.00034377746497430306
108,0.0008490074285520308
109,0.001309120161326996
110,0.0003497505489420286
111,0.0018200261532022376
112,0.00019710573502312162
113,0.0004022356274272792
114,0.0004855139621822916
115,0.0004242017935845738
116,0.0009145169649121132
117,0.0026914102635912933
118,0.002241910603761932
119,0.00034648058027266713
120,0.000577803937738548
121,0.0027179782337675013
122,0.0009436004237731047
123,0.000966188233336836
124,0.0012871725799012289
125,0.0016728465091462043
126,0.0006348469108624419
127,0.002789601494258504
128,0.0009888122922548043
129,0.0009625040186882937
130,0.0002114553350741852
131,0.0008971940053015161
132,0.0020267856014569334
133,0.0016937823422196708
134,0.0015817669455949566
135,0.002372652645676326
136,0.0008956104122058172
137,0.0011847688562695118
138,0.00018624421425466212
139,0.0005980286990138092
140,0.0006165921829031371
141,0.0008049151911518447
142,0.0006058934317616153
143,0.001917850021499105
144,0.0019742350268090046
145,0.0006373490371188503
146,0.0003975996108807026
147,0.0013519393228333654
148,0.0009771819942231183
149,0.00027443186718445755
150,0.0014151558948780026
151,0.0024616498614819836
152,0.0011066755205081532
153,0.0019946951124403876
154,0.0014919384793273117
155,0.0009978469988978743
156,0.0012730839507905792
157,0.0011876268921048078
158,0.0009140958517779765
159,0.0012687396435654323
160,0.0010522978040563733
161,0.002248043349505134
162,0.0009487109755671147
163,0.0008436495102810647
164,0.0013416873692581864
165,0.0008156342323728897
166,0.0008104963916402452
167,0.0007162696061444872
168,0.002406349232006088
169,0.00092492639490817
170,0.001349076257455719
171,0.0009519261886076569
172,0.002978626560600645
173,0.002676843670866088
174,0.0032360557564342246
175,0.0017109898849338178
176,0.0022331590394837546
177,0.001168765538340349
178,0.0010756746478496014
179,0.001864846655736316
180,0.002081510597034807
181,0.003068151090826219
182,0.0018862853017874441
183,0.0022212233531643923
184,0.001402140606004917
185,0.0018991472397412717
186,0.0021086118604053063
187,0.0016668544953630565
188,0.0015633717908228937
189,0.0005556806806108352
190,0.00110286760108993
191,0.002170052715822527
192,0.0013073208321054705
193,0.0014240241848350215
194,0.002094104405697689
195,0.0026812482780293827
196,0.0020955056943340743
197,0.0021137593110710437
198,0.0011888522936664985
199,0.001654447486442152
200,0.001748792065975802
201,0.0008176675770178946
202,0.0022514066506228287
203,0.0016556444588321664
204,0.00267961388950439
205,0.00111319857274857
206,0.0005513808199405276
207,0.0006687718583727967
208,0.0017293094503238746
209,0.0019791992559403254
210,0.002516701836085721
211,0.0017325803325085195
212,0.0008919194627565142
213,0.0010760429819849703
214,0.0012996268582906075
215,0.0021342789529598437
216,0.002305284508275787
217,0.0011935593349135564
218,0.0016091269052880884
219,0.0011295118771284403
220,0.0008117152065141974
221,0.0006239703761001431
222,0.0026055555028355044
223,0.0012307531909803446
224,0.00042630817291931534
225,0.0008506939209859787
226,0.0019049279553104072
227,0.0017441260422068569
228,0.0020268211789009507
229,0.0015399449128935358
230,0.0017179794199905472
231,0.0016780278932417947
232,0.0010618796292503506
233,0.0012176473298473236
234,0.0022585694060053086
235,0.0020109569709734986
236,0.0007455314243003115
237,0.002296648481627525
238,0.0021116451090340414
239,0.0014686550638659938
240,0.0012208483942729603
241,0.0012724112766678616
242,0.0009658522727180929
243,0.0007300067837238554
244,0.000360212435432666
245,0.0012338200134482953
246,0.0008687476513759253
247,0.00035691939750697376
248,0.001253284194856928
249,0.001300075607120785
250,0.001428250218688275
251,0.00039411973260016175
252,0.0011366186225332813
253,0.0001942024236688044
254,0.0008307579880870906
255,0.0010124944347687506
256,0.00019439749986810225
257,0.0018389697874312268
258,0.002821803152944918
259,0.0009379275254687157
260,0.0008466813829752846
261,0.0002644915530449718
262,0.0005019143079431622
263,0.0004537914982637082
264,0.000690876047221109
265,0.0018961804795926433
266,0.00024438509524018874
267,8.158864819700896e-05
268,0.0014656991543550476
269,0.001846992747678404
270,0.0008609935521148963
271,0.00152247226213127
272,0.0011341477062971161
273,0.0019092515612430566
274,0.0013634441970518376
275,0.0018700735504961561
276,0.0017693044133354856
277,0.000573200150556135
278,0.0004367869707328752
279,0.0002875001971750365
280,0.0009562261631756654
281,0.00118393373670533
282,0.001556137214578831
283,0.0014897886776255509
284,0.0017473516598246529
285,0.0010512367744092638
286,0.002510584952058987
287,0.000934586718563623
288,0.0027010294946287314
289,0.0013213946148116014
290,0.0008734876921563769
291,0.0010240384554325139
292,0.0009268828827611201
293,0.001021074769579108
294,0.002396727846892392
295,0.0008465495282555428
296,6.786058777948348e-05
297,0.0003972049236840214
298,0.0012865576447359008
299,0.00047386693153197176
300,0.0019275732791432664
301,0.0015255630568494186
302,0.0016048897542492778
303,0.0010578971413826759
304,0.0010699293186009968
305,0.0005544716633997682
306,0.0008092381076746993
307,0.0013002465907389726
308,0.00021883002116738684
309,0.00014749852565598307
310,0.0007956757076140425
311,0.0007492577375150729
312,0.0005219692640135275
313,0.00208366700831554
314,0.0003534420651735334
315,0.0009263936735668074
316,0.0007889027049344333
317,0.0012953861307032103
318,0.0021662880697120687
319,0.0012365338536820254
320,0.0002285651031829453
321,0.0009192796686081112
322,0.0014531347392212344
323,0.001174734391941887
324,0.0010250862246461343
325,0.0010531901661803217
326,0.0008926527374338468
327,0.000863121806365856
328,0.0015407703926947748
329,0.0003044220120571366
330,0.0006404715290775696
331,0.0005981608712162467
332,0.0007649043550340288
333,0.0015965224416502784
334,0.0006890747344171881
335,0.0004301180871678851
336,0.00029214218317212646
337,0.00046118499379670737
338,0.0005778642328097244
339,0.0005888451715964982
340,0.0009751949971108948
341,0.0004101860896241438
342,0.0006449455923705622
343,0.000721598386224976
344,0.0003296701563934165
345,0.00044434692961538644
346,0.0007980194963024444
347,0.0008905180545447347
348,0.00020061316767022987
349,0.0002299489779760929
350,0.000581137143513078
351,0.00019458317399031097
352,0.0001823384210383724
353,0.00012161249348932736
354,0.0005266456513271369
355,0.00030677933795374347
356,0.0010053534228646312
357,0.0019674975892832094
358,0.0011168238330777434
359,0.0001215580756452421
360,8.441186435091251e-05
361,0.0003851326229331961
362,0.00019010190902279695
363,0.0005058641016852382
364,0.00043148885525107666
365,0.0005227216758523582
366,0.0005955338813662912
367,0.001963431969959538
368,0.000616027996584864
369,0.00046199470803867746
370,0.00031894052456929846
371,0.0007111709384280574
372,0.0006783337817266871
373,0.0004525268440997553
374,0.00014906180438958112
375,0.0003141578448050145
376,0.00026208260972835376
377,0.00048494862023824284
378,0.0009791819516236202
379,0.000796868819754678
380,0.001145691369007654
381,0.0009072080596361723
382,0.0010539221245648637
383,0.00033115220549496407
384,0.001055196605421531
385,0.0019220218407034794
386,0.0009350221696986715
387,0.0010617129765768392
388,0.0006597738121290388
389,0.0005994872787093582
390,0.000113375575978209
391,0.0009678826264131751
392,0.0007050623500829876
393,0.0018015886028351989
394,0.00015929925155152202
395,0.0005847708107782553
396,0.0007027880089106731
397,0.00016863553340758
398,0.0006216203877614651
399,0.0012234119014601845
400,0.00022575292161829252
401,0.0008498265912174853
402,0.0018626606694467508
403,0.001863244084425403
404,0.0013265811444390953
405,0.002354418109006376
406,0.0006945444008168058
407,0.00038913570403425075
408,0.0007744364089153816
409,0.000589394998973136
410,0.001258108658888575
411,0.0013084796424167068
412,0.001112984838420799
413,0.0008015151261328934
414,0.0009506731971979832
415,0.00033918245978197377
416,0.0006389332828163735
417,0.0008393114674585764
418,0.001196915946965063
419,0.0018505790278709022
420,0.0008395914305380576
421,0.0010333587362159572
422,0.0005433853130348218
423,0.0023970635767889426
424,0.0001781772228497213
425,0.0009297569700387527
426,0.00035306182207408226
427,0.001938544075153181
428,0.0014570004158575046
429,0.0011580910146707446
430,0.001185660241572099
431,0.0017033382142100139
432,0.0018059100155456873
433,0.0016204935479583163
434,0.000639380276283268
435,0.0019462179789982248
436,0.0013007095326996174
437,9.05705762942348e-05
438,0.00010707667271067059
439,0.0003851608856113652
440,0.00018988252285012647
441,0.0005178975064632204
442,8.191145468958031e-05
443,0.0014927826224622406
444,0.0004892836078693458
445,0.0005639930387867924
446,0.00043207614838050264
447,0.001169696335918471
448,0.0009154282520299668
449,0.0010708080042949614
450,0.0006029909614437217
451,0.0015923753018619812
452,0.000977635603196715
453,0.000219214975748474
454,0.0004902252184627372
455,0.0011767248137748085
456,0.00039150129155892044
457,0.00022717932639352214
458,0.0006703314402208459
459,0.00022755729591976016
460,0.0005532744849125987
461,0.0011032958855993471
462,0.0012647640676185933
463,0.0006948855253976919
464,0.00037897820706189647
465,0.0008178543344525905
466,0.0005534327116292455
467,0.0005546593674388258
468,0.0007010540309898399
469,0.0007337342384327836
470,0.0011208663716761262
471,0.0015286855248977833
472,0.0013027617461107335
473,0.0010445488564397682
474,0.0015515504968135767
475,0.001899143821784347
476,0.001452319682112464
477,0.0010607394847738085
478,0.0008337796615588535
479,0.001435738751692976
480,0.0014560746188185794
481,0.0006064463061500674
482,0.001395981132056268
483,0.0021013611567642595
484,0.0010950534531843131
485,0.001364973115310738
486,0.0008300694846453037
487,0.0008346700446009505
488,0.0006543175768467097
489,0.0005135637923726435
490,0.00047319195979982114
491,0.0006829367159170332
492,0.0005720939032582193
493,0.0005592414894471086
494,0.0005330220521417889
495,0.0008080811372708724
496,0.0017559415434318258
497,0.0006370447953679288
498,0.0012701044641162498
499,0.0008699795922618211
500,0.0006611323296587387
501,0.0011836287053860017
502,0.0006193285526483101
503,0.0007375382241987399
504,0.0010727854577266226
505,0.0009843199621878385
506,0.0009445545035922671
507,0.0011586216441519378
508,0.0014046996585964488
509,0.001086744863139964
510,0.001022854227044611
511,0.001395510653890185
512,0.0008518741781013127
513,0.0006265441625706362
514,0.0013769981897743186
515,0.001654056105522498
516,0.0009332799318445187
517,0.0011429939220151308
518,0.0008988586222779609
519,0.0007258836162031318
520,0.0010758311672194743
521,0.0013780508463466642
522,0.0003585515741677035
523,0.0012485889060327195
524,0.00039944336895674393
525,0.0007159997561073562
526,0.0014141187038006248
527,0.0016320346408465697
528,0.0010153610604630213
529,0.0008405694547369129
530,0.0007642105755273395
531,0.0010932656184318738
532,0.0001958052627423583
533,0.00047141293523673944
534,0.00016113324582494207
535,0.00041640154096138306
536,0.00015469410816284425
537,0.00039543002486688074
538,0.0003511542390744919
539,0.00028240868812423934
540,0.0005196622537828687
541,0.0005724157353269551
542,0.0005482671837232774
543,0.0002536109838346392
544,0.0006071153034339241
545,0.00017177045787321335
546,0.0021624241636893837
547,0.0003866393315531685
548,0.00015419127519298862
549,0.0010222897795100073
550,0.0018176337212870797
551,0.0005916290549334783
552,0.0005586488404036035
553,0.0006683076589300734
554,0.0013191120372530005
555,0.00015402823472605292
556,0.00019124922700875015
557,0.0002309606389851138
558,0.0007989360609102603
559,0.0016998599742954511
560,0.00023763777254694567
561,0.0006437557338995125
562,0.0008312760030782971
563,0.0006263726225007344
564,0.0003183990465257362
565,0.0005536821606224669
566,0.0016756751425406047
567,0.0006500990747148155
568,0.002004427696003913
569,0.0007618654858682004
570,0.0005684486507479452
571,0.00040360217255130764
572,0.00039574047097477757
573,0.0003534149467484025
574,0.0005173734862776983
575,0.0004911432583658573
576,0.0010023803650013703
577,0.0004839534576520467
578,0.001026109388562927
579,0.00022991333771181995
580,0.0006026953693743387
581,0.0006465019382418284
582,0.0014192697409073543
583,0.0004541373717959761
584,0.0010516603821352048
585,0.00044668048047821063
586,0.0004243655056930626
587,0.00017900944639655323
588,0.0016821960791970206
589,0.0004414581453585516
590,0.00018577645322404238
591,0.0013469395659048197
592,0.0001406624455458166
593,0.00015234047010679526
594,9.194998417306382e-05
595,0.00047972406522227724
596,0.0008984335505337394
597,0.0015132139347770568
598,6.126913795585877e-05
599,1.622090420358474e-05
600,2.6489097748839367e-05
601,0.000542126009413195
602,0.0005211421724158081
603,0.0016158646534422233
604,0.0009637191412841347
605,0.00032007438659231686
606,0.0009452193130065289
607,0.0006343046983913531
608,0.0003320061624699939
609,0.0005700603426342459
610,0.0007640851029204706
611,0.0003890155890693665
612,0.00036157525244138945
613,0.0005937486035523527
614,0.000536049049504518
615,0.0005275750364405269
616,0.0009708166209527123
617,0.00047431424724862846
618,0.0005013925878478401
619,0.000922469832956405
620,0.0004199438143181287
621,0.00015133190021953264
622,0.00043593344393888294
623,0.0004210570472684629
624,0.00029692877633339456
625,0.0008063799193383802
626,8.222934681148752e-05
627,0.0007604621363945986
628,0.001275714920185921
629,0.0007589220071496793
630,0.0006569525058000465
631,0.0011462641413359012
632,0.0005652965115501791
633,0.0006189075748910868
634,0.00024603260927252797
635,0.0002568163236359336
636,0.0009794903381625604
637,0.0004000066665079371
638,0.000463823032230665
639,0.0004471067691679486
640,0.0007989986700979757
641,0.0003107381020909258
642,0.0012543799494403947
643,5.942324958542118e-05
644,0.0004144650543832061
645,0.0005996105926782483
646,0.00039414318764754064
647,0.0010212859155149055
648,0.0008689528463546508
649,0.0008854109269262849
650,0.0007300442517364656
651,0.0014836673701830183
652,0.0008603700682861812
653,0.00038007289658721296
654,0.0015689238152455996
655,0.001940553676105527
656,0.0007343772252761515
657,0.0011243270846822057
658,0.000877028398250632
659,0.0009990639060051634
660,0.0013724151895848236
661,0.000768479329869587
662,0.0007831186367044587
663,0.0010652705410901613
664,0.00046669917016134313
665,0.0009904109688105784
666,0.00037902720830747597
667,0.0001553658199717893
668,0.00011504020050743221
669,0.00017232020925652322
670,0.00042703613656243177
671,0.0008061573474683387
672,0.0009513501795795081
673,0.0008730024652855776
674,0.0005468935043317745
675,0.000569158273629674
676,0.0005985473748931342
677,1.622090420358474e-05
678,0.0015112074355558723
679,0.001076767533480195
680,0.00024434051838786205
681,0.00019965746513262917
682,0.0008185785650045713
683,0.0003220812752513473
684,0.001829524782119994
685,0.0012423164952575024
686,0.000625156107437602
687,0.00047152484728826176
688,0.0005498978808138896
689,0.0005253153473463465
690,0.001029616081882497
691,0.0001352656413812016
692,0.001492083412111178
693,0.0010111162244213442
694,0.00040059515847574236
695,0.00017406560494352883
696,0.000642572720770064
697,0.00046214729719347447
698,0.00017212881988043954
699,0.0012252552042371465
700,0.00025958297128807347
701,6.954391701614484e-05
702,0.0009291180974347363
703,0.0005152431252558852
704,0.0005483556115636178
705,0.0011085031913719726
706,6.895292525533865e-05
707,0.0009514249360533867
708,0.0010185592799813097
709,0.0010270407049217368
710,0.0010906266987812567
711,0.00030256541591632495
712,0.0005856442485242528
713,0.0009004868159750059
714,0.00016174673461374128
715,0.001004422905724741
716,0.0006258047353545462
717,0.0006432077673107306
718,0.00046174730799419957
719,0.0003830860627090578
720,0.000823871440518402
721,0.0006097558995992757
722,0.0006653619267497617
723,0.00043818148963544146
724,0.001038171994993984
725,0.0005519486564370891
726,0.0004957378222232719
727,0.0007004202031684684
728,0.0005711957292771336
729,0.0011914896908037532
730,0.00027239819257064994
731,0.00048672714213201796
732,0.0016726615807139856
733,0.00023039127855848318
734,0.0003590632523807098
735,0.0013411309472138413
736,0.0007438157795000534
737,0.0009346913064206906
738,0.0006251855783004618
739,0.001571344366085747
740,0.0004508144036598868
741,0.0005119644798386933
742,0.0017725876888932753
743,0.0003469237545585016
744,0.0006548521074951566
745,0.00020063400332602258
746,0.0012295404879731843
747,0.0010476442167767406
748,0.0015786197571220854
749,0.0006639171434550432
750,0.0007011709280418596
751,0.0010523053287918944
752,0.00031144048149497444
753,0.0005724782327360487
754,0.00030386714378409404
755,0.0009634837939298531
756,0.0012305405447160386
757,0.00038312567948982877
758,0.00022009683875580773
759,0.00017922605493550506
760,0.0006840696242552477
761,0.000848500877183168
762,0.0009604659555951326
763,0.001102440341537747
764,0.0006001889987685227
765,0.000752249429616748
766,0.0004417029552952112
767,0.0004561227169973242
768,0.0008930053190576665
769,0.0007574545710950292
770,0.0006522617335671229
771,0.0004753124194530694
772,0.0005167320127148765
773,0.00023240201520696802
774,0.0006899066778392563
775,0.0003715790951045562
776,0.00013940333386040123
777,8.868375824617619e-05
778,0.0007894188682770791
779,0.0004039286696726814
780,0.0007515043985185603
781,0.0008666293703484616
782,0.00021614155625850247
783,0.0004998346857371279
784,7.03562505602415e-05
785,0.0004760344849306713
786,0.0002405515889097776
787,0.00018958071484338242
788,7.168482547375486e-05
789,0.0008769008613451095
790,0.0010041840675787295
791,0.0001564987146428814
792,0.0009402533008225656
793,0.00018295798921286096
794,0.0005522392688372034
795,0.0005677352510286588
796,0.0004529588724637136
797,0.0006443174043510692
798,0.00014847953074284594
799,6.886345230601164e-05
800,0.00033861249827981966
801,0.0005352296023595779
802,0.0004911749189101966
803,0.00016835087012136664
804,0.0004265791788096072
805,0.00037145641003181003
806,0.0005778866395938988
807,0.000181340248662859
808,0.000684907589519257
809,0.0007817222579826183
810,0.000518995863656056
811,0.00019690224819712097
812,0.0002442876609862067
813,0.0007239538570683972
814,0.00032512896951953854
815,0.0011065079450665758
816,0.0002449278096791969
817,5.2494813407439666e-05
818,0.00027433822333781173
819,0.00033789523118072235
820,0.0008176411182686784
821,0.00025938097760912454
822,0.00035905400235974704
823,0.0007707712822773921
824,0.0008357055314896826
825,0.0007500262712093256
826,0.0007018067181277126
827,0.00045973594902878033
828,0.0004274054309887839
829,0.00027225477328907496
830,0.00032512896951953854
831,0.0008289950623682654
832,0.00023768114281221591
833,0.00046996890862973636
834,0.00025729867951736457
835,0.00014416935766479452
836,0.00028446860297310457
837,0.0005920153195265675
838,4.761554118147797e-05
839,0.0003515385772420291
840,0.0007693646234918881
841,0.0006951910837454791
842,0.0006464322966656966
843,0.0003925268516539843
844,0.0007046475355515075
845,0.0013392833308711854
846,0.0003624537622201739
847,0.0007879438218501071
848,0.0004215733488988443
849,0.0005649133933302169
850,6.835265096324265e-05
851,8.730755261850457e-05
852,3.0248101390269738e-05
853,0.00020076993456767344
854,0.0002122542981647197
855,0.0005979489864050788
856,0.00038877729813051597
857,0.00032512896951953854
858,0.0003738046337913079
859,0.00045946685531754624
860,0.00019716925617841916
861,8.13169568976783e-05
862,0.00018965095174267095
863,0.0002651788389976408
864,0.0006097493139123495
865,0.0002595928017244547
866,0.0008372800785187241
867,0.00012849628510197311
868,0.0003412696911937915
869,0.0002979204331604371
870,0.0004127577978878214
871,0.0005388946436103349
872,0.00031394469346433297
873,0.0004766482357019561
874,0.0005972347524458257
875,0.0006888425213856513
876,0.0003294337061091375
877,0.00035356392114339983
878,0.0002604436076911583
879,0.0010159765515722588
880,0.0006535469446623358
881,0.0005984152575406526
882,0.00024913686861325756
883,0.00040923389593053457
884,8.769698341802743e-05
885,0.00015065393839476686
886,0.0006335838951888409
887,0.0004131221040560757
888,0.00012829853854156022
889,0.00014483020468489326
890,0.00039180572968765595
891,4.759309615370076e-05
892,0.0003033341463316177
893,0.0003863818759175515
894,0.00012977835857874847
895,0.0006807551548967471
896,0.0006150954936513795
897,3.527452367957967e-05
898,0.0003271032464871472
899,0.00039357740293338933
900,0.000621742951171819
901,0.00011908139975437893
902,0.00032931357060145587
903,0.0004643203173637317
904,0.00023581758548319587
905,0.00022226606944311753
906,0.00016885843405913437
907,3.57794163859009e-05
908,0.00014162709307466754
909,0.00042713728672567365
910,8.245420146600666e-05
911,8.347621530979218e-05
912,0.00011614881525558755
913,0.00036370007274978336
914,0.00012002987443297602
915,0.0001774563322209951
916,0.0002087707382698887
917,9.227651722424323e-05
918,0.00012799214424949468
919,0.0010720871887174139
920,8.289321183992571e-05
921,0.0004839578539915681
922,0.000346354839539074
923,0.0004933117891359075
924,0.000632643173418056
925,0.00030883753934769645
926,0.0007480020979958975
927,0.0003970053255074701
928,0.00119400880097083
929,0.0006723172749762776
930,0.0006763413976366431
931,0.0005343258059613943
932,0.0003539820834371323
933,0.0004777388055782814
934,0.0004915757036324866
935,8.873713269424778e-05
936,0.0005717372860194502
937,0.0002222153106323157
938,0.0001418526241036934
939,0.0006622826624781512
940,0.0004000980933468145
941,0.000498161448895614
942,0.0005938190922660127
943,0.0007429795192694862
944,0.0004941656355555372
945,0.00040503471633643713
946,0.0006006706188828989
947,0.00015672497211332762
948,0.0006190988199199395
949,0.0006542264688044002
950,0.00032437792665919354
951,0.0007380681852658447
952,0.00038962736731686803
953,0.0002990123912805707
954,0.0004539430282926253
955,0.0005409077167358816
956,0.0005148733863730655
957,0.00034622260612370996
958,0.00017732826885904536
959,0.0007271119899303712
960,0.000297887429373724
961,0.00035140641184061393
962,0.00023511430240046152
963,0.0006571549205809026
964,0.0001419379494538208
965,0.000544923753277394
966,0.00032623013456995045
967,0.0001407883953588001
968,0.00017411069904206837
969,0.000632034606189387
970,0.00011857646425439657
971,0.00036004708485323474
972,0.00037387953466538995
973,3.777869423247178e-05
974,0.0003197870214889776
975,0.0004039998435544672
976,0.00012120407225966688
977,0.00046212149247726764
978,0.00024944567560740335
979,0.0006466839196318658
980,0.00028544394342804594
981,8.866725449431349e-05
982,0.00020112790730798935
983,0.00014534431465283167
984,0.0003289406624294365
985,0.00018553132931623767
986,0.0005001791428201692
987,3.9748036205230863e-05
988,0.00042632265135815315
989,0.00020072446211597306
990,0.00022783299553137044
991,0.00018901988177285475
992,0.0003600718873162067
993,0.0007829337793842609
994,0.00038951894929590235
995,0.00022036803372019878
996,0.00015971469545751025
997,0.00022759504226026056
998,0.00018522538482104356
999,0.00013557757223969335
1000,0.0001379032239524683
1001,0.00018180918136547524
1002,9.972228630816219e-05
1003,0.00038257579426803146
1004,0.00012484950610564273
1005,0.0002455494142764106
1006,0.0002697414083764583
1007,0.0006910597314346216
1008,0.00033487479883541435
1009,0.0007821324219112673
1010,0.0007499495899922616
1011,0.0008298444596284456
1012,0.000741248676896327
1013,0.0003223514132879432
1014,0.000798900704483803
1015,0.0004267309553516903
1016,0.001048310939707391
1017,0.0004267541474534458
1018,0.00035081859831527984
1019,0.00029854732040716345
1020,0.0006342905369573393
1021,0.0003724416535759697
1022,0.00021942910749597118
1023,0.0002801849306846859
1024,0.00010973042024273323
1025,0.00026908258130073435
1026,4.036945864710874e-05
1027,6.4122341963717e-05
1028,0.0010850447180247261
1029,0.00020173918244328234
1030,0.0002316337734552741
1031,9.701981859160005e-05
1032,0.00019810874948688717
1033,0.0005837003303644833
1034,0.00025818659274651077
1035,0.0006827649957490372
1036,0.000556623911912596
1037,0.00029357354707739623
1038,0.0001189040365961492
1039,0.000779886517703473
1040,0.00021941903471293272
1041,0.0006454605886407281
1042,0.0006636845877850339
1043,0.0003928160266660572
1044,0.000518573946472756
1045,0.0006379629154917997
1046,0.0005444558562926914
1047,0.0010386790827112795
1048,0.0009623955423813916
1049,0.0002369734017515913
1050,0.00041017579023687885
1051,0.0003208013638073799
1052,0.0005564325877288414
1053,0.0003203176245635248
1054,0.00021294200149620177
1055,0.0004315101240150299
1056,0.000411413276310894
1057,0.00021799299736066202
1058,0.000504888894090638
1059,0.0002794262231858065
1060,0.00029407123014623657
1061,0.00023115949485816816
1062,0.00011992936271800259
1063,0.00038868512640758085
1064,0.0003317519034359627
1065,0.0004930018688096636
1066,0.0001946947434462611
1067,0.00034832730166465024
1068,0.00014244815548219812
1069,0.0002585518637690744
1070,0.0006342566837249635
1071,0.00019463559303924225
1072,0.00011140355884461325
1073,0.0009075875532475497
1074,0.000844804718909469
1075,8.543326773779199e-05
1076,0.0004691918633032217
1077,9.480726934699566e-05
1078,0.00025347666818225555
1079,0.0007238645568849256
1080,2.053950988645655e-05
1081,9.035958475377887e-05
1082,0.00011578470104582679
1083,0.00035024881901548276
1084,0.0001822021207058899
1085,0.00015176833115887586
1086,0.0005290148082649667
1087,0.00012121382346262295
1088,0.00014837936390398176
1089,0.0006402907387811573
1090,0.00041559918732389533
1091,0.000770210879498443
1092,0.00045863102741059705
1093,0.0005265696112266345
1094,9.933720740897862e-05
1095,0.0002931022144923309
1096,3.2912893483409694e-05
1097,0.000509130283568067
1098,0.00043657853451315115
1099,0.00015220986789999188
1100,0.00043882342532304726
1101,0.000752715794915598
1102,7.563418268936404e-05
1103,0.00026102390166915095
1104,5.708633929267284e-05
1105,0.00011475057762275934
1106,5.806187903809628e-05
1107,0.0005711165401894757
1108,0.00042484272755850415
1109,0.0003314566262325972
1110,0.0004494486781220791
1111,0.0001416690644162852
1112,0.0005356234934504821
1113,0.0006102202998859986
1114,0.000390952199805209
1115,0.00024048623916005335
1116,0.0004189116351457358
1117,0.00014569287889052958
1118,0.0008513599622784619
1119,0.0005846713673711175
1120,0.00019379268925551294
1121,0.00021745681915366733
1122,8.540680085039605e-06
1123,4.4187570092972906e-05
1124,0.00011132368374743692
1125,0.0003280046647130266
1126,0.0002870926437279954
1127,5.597012252421438e-05
1128,0.0001596780758224542
1129,0.0002703257952028677
1130,0.00030421102975348053
1131,0.00017663556754054873
1132,0.0002719978956022012
1133,0.0003259849605526161
1134,0.00036564194550120656
1135,0.000832890013926456
1136,0.0006256157715634639
1137,0.0005420166426068703
1138,4.801239271833721e-05
1139,0.0004240109108307744
1140,0.00022753534663218602
1141,0.0004103449126005335
1142,0.00036380411190906216
1143,0.00046348713761043374
1144,6.0782459479941035e-05
1145,0.00010738128465311825
1146,5.825078867298401e-05
1147,0.0005998235494385649
1148,0.00010533108540001174
1149,0.00022519525807708835
1150,9.281615277914918e-05
1151,0.00010605636819527786
1152,0.0004920351884758734
1153,0.00024994029801270315
1154,0.00011375184863505099
1155,0.0003419047258970258
1156,3.5269693623493264e-06
1157,0.0002472407427994519
1158,6.094924581840238e-05
1159,0.00011293383953835707
1160,0.0002573373072497732
1161,0.00014335141943557512
1162,7.346657096136729e-05
1163,0.00023265395902108727
1164,6.254382647553875e-05
1165,0.00013771851948575904
1166,0.0004969129061469356
1167,0.000442147902687253
1168,0.0002792605370322823
1169,0.00016321210304096108
1170,0.0006406851249907404
1171,0.00043684863711766314
1172,0.00015493570089406488
1173,0.00012092466603692197
1174,0.0001301095010881342
1175,4.851822120137578e-05
1176,0.00045955132804575364
1177,9.526556500861147e-05
1178,0.00027025854221584904
1179,0.00014372689285879325
1180,0.0001502048432754309
1181,0.0001326385131143015
1182,0.0004947212038507481
1183,0.00017859644906930585
1184,0.00016488287742262816
1185,0.0002050806665740378
1186,6.988113642636214e-05
1187,0.00014491550686135442
1188,0.00046689650506212126
1189,0.00033588655553036284
1190,0.00037040328327448373
1191,2.3086908367623998e-05
1192,0.00018429465694779127
1193,0.0001402668694738373
1194,0.0006506040367727968
1195,0.00046118244508476324
1196,0.00035347955340168935
1197,0.00038646694496627935
1198,0.000433554268971287
1199,0.0005214100454679543
1200,0.00010628246091057961
1201,0.00030917501795726493
1202,0.00040047861168414383
1203,0.0005092032093332481
1204,0.00017077949366306423
1205,0.0003824934942327925
1206,0.00026400196330881513
1207,0.0002232784025101916
1208,0.0005971212022296773
1209,0.0002382614564667782
1210,0.0004600756322275554
1211,0.0004622641700450169
1212,6.867911286169613e-05
1213,9.591604661065316e-05
1214,0.0004174852162873773
1215,0.000321628218161584
1216,7.029900759342552e-05
1217,0.0007653155499617165
1218,0.0005844200743603211
1219,0.00022169753536201812
1220,0.00043964516025816
1221,0.00047492802158946226
1222,0.0006043004692167201
1223,0.0003666035887555866
1224,0.00021184430356343493
1225,0.0004836272691744881
1226,0.00035358303921424663
1227,0.00011019256326067704
1228,0.0008398718025090207
1229,0.0001705605405320987
1230,0.0005274746744704716
1231,0.00026797442546015027
1232,0.0005442360626695384
1233,0.00034725818980819046
1234,0.00032894679836900095
1235,3.868035997111276e-06
1236,3.868035997111276e-06
1237,0.00033411431647238524
1238,6.034926297512442e-05
1239,0.00025623326365531115
1240,0.00025216419357295593
1241,5.640763969699484e-05
1242,7.022917466242219e-05
1243,4.4165843100621396e-05
1244,0.00035134779621597657
1245,0.0002231504943381886
1246,9.962899827242469e-05
1247,0.0003985251954253344
1248,0.000573758334574088
1249,0.00017517896292708687
1250,0.00010179692764702018
1251,5.5624516987853035e-05
1252,0.0001379823029368275
1253,0.00040287699875305794
1254,0.00036800812130576856
1255,0.00013208725640014555
1256,0.00035956100513491365
1257,0.0003699456013254878
1258,0.00021707509768773532
1259,3.986826575804225e-05
1260,6.350309058304183e-05
1261,7.799911260428166e-05
1262,0.00011191782785768284
1263,0.00044774693031111
1264,7.643162769414879e-05
1265,0.00019365707818302713
1266,0.0004512848574721361
1267,0.0004734831488378551
1268,0.00015100324615852946
1269,0.00011361710363849105
1270,8.230818885958613e-05
1271,0.00011558793050500573
1272,5.588387257812559e-05
1273,0.0001844614232241138
1274,0.00015919890386505335
1275,7.324332516896165e-05
1276,0.00040231232799678354
1277,0.00016738297410603956
1278,0.00013164255725630605
1279,9.269096968320216e-05
1280,0.00010719738314911489
1281,0.00013855198844053444
1282,0.0004008173423032856
1283,0.00014901356950849096
1284,0.0005564124196730851
1285,0.0004619957825279091
1286,0.0005120802970144844
1287,6.975226587143185e-05
1288,0.00043535038661177583
1289,7.979584342000367e-05
1290,5.32812463866663e-05
1291,0.00018238649401532646
1292,4.730363258879993e-05
1293,1.144533719736419e-05
1294,0.0003298610761740064
1295,6.660960860548927e-05
1296,0.0001725518046101463
1297,0.00046994254051065
1298,0.0003841937795709722
1299,0.00035764783288173905
1300,9.465823351985174e-05
1301,0.0003499757436558905
1302,6.215962348405103e-05
1303,0.0005098436479676885
1304,2.0339417922878405e-05
1305,0.00011768558983222974
1306,4.732958440073041e-05
1307,0.00034198215335089053
1308,4.732958440073041e-05
1309,7.184948272485857e-06
1310,0.0002988151611625343
1311,0.00024140722431539264
1312,8.796656149444208e-05
1313,8.618099829280135e-05
1314,0.0004212079673833897
1315,0.00018526600121782473
1316,6.946299356320741e-05
1317,7.803318612001253e-05
1318,7.086007113008551e-05
1319,0.00038156459642963916
1320,2.7272475666334855e-05
1321,4.9174486187724534e-05
1322,9.99410368986425e-05
1323,3.959814315191911e-05
1324,0.00035605544602840484
1325,2.7272475666334855e-05
1326,5.053567364457157e-05
1327,3.70332587331852e-05
1328,5.816275305110783e-05
1329,0.00032197089190000067
1330,5.7755286110790894e-05
1331,0.0003379504589460163
1332,3.3658579391780994e-05
1333,6.153726483351883e-05
1334,0.0003622300622072981
1335,0.00012727682597506933
1336,0.00042367192739213686
1337,0.00014422383680512887
1338,7.924923205320221e-05
1339,2.7272475666334855e-05
1340,2.7272475666334855e-05
1341,2.7272475666334855e-05
1342,2.8382972600423854e-05
1343,0.00032197089190000067
1344,8.254804349586627e-05
1345,3.279618309989601e-05
1346,8.320415164486936e-05
1347,0.00033106629008214556
1348,2.7272475666334855e-05
1349,2.7272475666334855e-05
1350,3.661765147980692e-05
1351,8.179745494204916e-05
1352,2.7272475666334855e-05
1353,9.326650251332709e-05
1354,2.8865379183713575e-05
1355,5.2451745189401874e-05
1356,8.148855849547546e-05
1357,0.00032501246039547615
1358,3.014139827228176e-05
1359,6.738288208877477e-05
1360,3.641322944761872e-05
1361,6.167924487865742e-05
1362,3.0510614010651426e-05
1363,2.7272475666334855e-05
1364,0.00032197089190000067
1365,2.938974084197512e-05
1366,0.00032197089190000067
1367,0.00034649841968988337
1368,8.538245142713216e-05
1369,0.0003628947689426061
1370,0.0003673951372527699
1371,3.293558552462939e-05
1372,3.859644295828229e-05
1373,2.7272475666334855e-05
1374,3.165998047274457e-05
1375,0.0001224882934870948
1376,9.931276326396653e-05
1377,0.00035026643036968136
1378,0.00010285965402762532
1379,0.00012819860415876332
1380,9.428548466834046e-05
1381,6.619657662477976e-05
1382,8.883186983412427e-05
1383,7.151971329505886e-05
1384,0.0003817516101309336
1385,6.561727281111619e-05
1386,0.00036080754896372944
1387,8.701248265973918e-05
1388,9.43164294074358e-05
1389,0.0003466282450646111
1390,4.689607242925726e-05
1391,0.0003817516101309336
1392,4.990457786380545e-05
1393,8.533713639722789e-05
1394,0.00039437284797013555
1395,8.764232432620021e-05
1396,3.6782610080389915e-05
1397,6.617281370779669e-05
1398,2.6781201316543202e-05
1399,7.20418260953947e-05
1400,0.00017974562458530777
1401,0.0001684409772154992
1402,0.0003508220610421714
1403,0.0003611771172877536
1404,0.00016276705433735975
1405,8.071129229511734e-05
1406,0.000364112065543222
1407,0.00028555768405071655
1408,0.0003563241048557596
1409,9.318311534487825e-05
1410,0.000341582028810841
1411,0.00032329453649709405
1412,8.482819801249024e-05
1413,9.842449072773062e-05
1414,0.00029950351401272334
1415,0.00012821258371193542
1416,5.962079207892949e-05
1417,2.6459778785417037e-05
1418,0.0003569204022454557
1419,0.0004938530030433367
1420,0.00032284685225028505
1421,0.00020395178831035594
1422,0.00036120308638108874
1423,0.00038274981309773865
1424,6.488364310106804e-05
1425,0.0001638766854487815
1426,0.000428637444376722
1427,6.0696726775394033e-05
1428,0.00016961864023158093
1429,4.6846934179608356e-05
1430,1.136500950324339e-05
1431,2.479488853514967e-05
1432,5.088940672065914e-05
1433,7.058183983624178e-06
1434,0.00038309377142807326
1435,0.00013394148664928082
1436,4.7901109831292425e-05
1437,0.0001346702206068401
1438,0.00010042759348747935
1439,0.00012654837456508116
1440,0.00036745597952995924
1441,0.00042012390248695924
1442,6.788752542245931e-05
1443,3.7306613269782455e-05
1444,0.00021141010982619044
1445,0.00012217816814036526
1446,0.00047386491896453983
1447,2.2670907966937297e-05
1448,7.338461078930404e-05
1449,0.0003832833394608837
1450,0.00032410224335317067
1451,0.00014287396354981382
1452,2.2670907966937297e-05
1453,2.2670907966937297e-05
1454,6.749291274102478e-05
1455,2.8983211323803102e-05
1456,0.0003906218054966184
1457,2.2670907966937297e-05
1458,2.2670907966937297e-05
1459,6.980653491061933e-05
1460,2.2670907966937297e-05
1461,0.00031742345120755916
1462,0.00010654185173218566
1463,0.0003238241327893497
1464,5.2027654095182276e-05
1465,0.00034271987713198733
1466,7.652550279165524e-05
1467,1.9036544405394814e-05
1468,0.00038689980799859464
1469,0.00016274698544322847
1470,7.073113743758736e-05
1471,0.00013023947510569807
1472,6.5971904319432015e-06
1473,0.00011341817238049842
1474,0.0003736376571073033
1475,0.0004200093450883107
1476,1.3078568447674053e-05
1477,3.270299958174413e-05
1478,0.0005543126948611447
1479,0.00016292211073612895
1480,0.00045661873917248895
1481,4.340141014048994e-05
1482,2.1498712527936338e-05
1483,0.0003949082784443099
1484,6.76747830847138e-05
1485,0.0003436079576624025
1486,2.1902022515531812e-05
1487,8.392033530818937e-05
1488,0.0003756432962917926
1489,0.00035801004364958294
1490,0.00037853259735803424
1491,0.00032153070306234905
1492,2.1902022515531812e-05
1493,2.1902022515531812e-05
1494,0.00031659910839465684
1495,7.509832973237897e-05
1496,0.0003567368429770018
1497,3.402216598628243e-05
1498,0.00031659910839465684
1499,0.00040879999874133085
1500,2.3448378819373392e-05
1501,0.0003866463932054332
1502,0.00031919614823610844
1503,0.00012983602396013033
1504,2.9357069999297798e-05
1505,1.2253411617002872e-05
1506,6.462187892246397e-05
1507,0.00030701856084801613
1508,3.9131754335669424e-05
1509,0.00038761315765497163
1510,0.0003154512720332112
1511,0.00036026471970467835
1512,6.133911534992875e-05
1513,3.9808587331470394e-05
1514,9.875514460286039e-05
1515,1.5916099236196597e-05
1516,6.843344899124459e-05
1517,8.89131793760453e-05
1518,0.00018214014176779226
1519,0.0003453049802443368
1520,1.0437129980375267e-05
1521,0.0003496227051713021
1522,9.845552499542936e-05
1523,0.0003160205397386345
1524,0.0003617712957865098
1525,1.4184519128325091e-05
1526,9.762925826125361e-06
1527,4.485295601825268e-05
1528,3.604393195404729e-05
1529,0.00010208321705827183
1530,8.698275051434536e-05
1531,0.00011324347061372234
1532,4.349405916018426e-05
1533,4.947320293375525e-06
1534,0.0003372968876713583
1535,9.75381169384624e-05
1536,0.0003078126298874781
1537,4.2351511027912066e-05
1538,7.065699318517943e-05
1539,0.00037934835857740946
1540,0.0004407110900923563
1541,2.273400882325364e-05
1542,2.1906356397833043e-05
1543,0.0003080757781214318
1544,5.525080060118749e-05
1545,6.838800653989506e-05
1546,4.010857823178684e-05
1547,4.9133848644277564e-05
1548,4.010857823178684e-05
1549,0.0003735878846853085
1550,5.511846848176175e-05
1551,4.9133848644277564e-05
1552,6.40532056883272e-05
1553,0.0003995079475398879
1554,7.866537038365042e-05
1555,7.221896365041468e-05
1556,4.3035372502647506e-05
1557,4.010857823178684e-05
1558,0.00036675747295269854
1559,4.010857823178684e-05
1560,0.0003977002685032169
1561,0.0003350435509476234
1562,4.010857823178684e-05
1563,0.0003350435509476234
1564,4.010857823178684e-05
1565,0.0003350435509476234
1566,4.010857823178684e-05
1567,4.010857823178684e-05
1568,0.0003350435509476234
1569,4.010857823178684e-05
1570,4.010857823178684e-05
1571,0.0003350435509476234
1572,4.010857823178684e-05
1573,5.037120063391501e-05
1574,4.010857823178684e-05
1575,0.0003350435509476234
1576,4.010857823178684e-05
1577,4.010857823178684e-05
1578,7.866537038365042e-05
1579,4.010857823178684e-05
1580,4.010857823178684e-05
1581,4.010857823178684e-05
1582,4.010857823178684e-05
1583,4.010857823178684e-05
1584,0.0003350435509476234
1585,7.866537038365042e-05
1586,4.010857823178684e-05
1587,4.010857823178684e-05
1588,5.9739943360367096e-05
1589,0.00037709002471785424
1590,5.9739943360367096e-05
1591,7.443376525433987e-05
1592,0.0003661255698057803
1593,9.146184554389405e-06
1594,3.272158602932754e-05
1595,8.272804084698484e-06
1596,8.272804084698484e-06
1597,4.335833782835526e-05
1598,4.973461821567898e-05
1599,1.027784335812091e-05
1600,0.00036154374110711456
1601,0.000301472010269651
1602,0.00033852075872727613
1603,2.3253556232006353e-05
1604,9.031149127995267e-06
1605,0.0003641208542453444
1606,6.11092583487836e-06
1607,5.443905237536756e-05
1608,4.034806371466768e-05
1609,4.4587040301518774e-05
1610,3.050312024495362e-05
1611,2.8917146560788182e-05
1612,1.572645694166435e-05
1613,5.027076484046107e-06
1614,4.884043299404505e-06
1615,0.000395007480020813
1616,9.09188098429722e-06
1617,0.0003030514720227581
1618,2.1433459218259705e-06
1619,7.972553141860872e-06
1620,7.487962690654031e-05
1621,1.3117401922297293e-05
1622,0.00031722680803641283
1623,5.9661275560612194e-05
1624,4.44635996963186e-06
1625,4.44635996963186e-06
1626,0.0003073150087003865
1627,1.2273322250705125e-05
1628,6.908718391480344e-05
1629,0.00034423257918987394
1630,3.8556733882716765e-05
1631,5.0673309841099244e-05
1632,3.8556733882716765e-05
1633,0.00033346584381482326
1634,3.8556733882716765e-05
1635,0.00033346584381482326
1636,3.8556733882716765e-05
1637,3.8556733882716765e-05
1638,0.00033346584381482326
1639,0.0003459060897031777
1640,3.8556733882716765e-05
1641,3.8556733882716765e-05
1642,4.9004697843127536e-05
1643,7.028597884046709e-05
1644,5.818660940138047e-05
1645,0.00033346584381482326
1646,0.00033879935275352445
1647,3.8556733882716765e-05
1648,3.8556733882716765e-05
1649,0.00033346584381482326
1650,3.8556733882716765e-05
1651,0.00033346584381482326
1652,2.49202333176579e-05
1653,0.0002968149112128959
1654,3.6396402119580694e-06
1655,0.0003117094352363557
1656,0.00030811357138999326
1657,1.2772844218431846e-05
1658,3.591212088648739e-05
1659,1.2121639260226407e-05
1660,1.2121639260226407e-05
1661,6.433645146451569e-06
1662,2.0452201463316122e-05
1663,1.9617880588411806e-05
1664,4.782676594598592e-05
1665,0.00031381094255658615
1666,0.00031381094255658615
1667,1.9617880588411806e-05
1668,0.00031381094255658615
1669,1.9617880588411806e-05
1670,0.00031381094255658615
1671,3.0352374152352846e-06
1672,2.1579838849293245e-05
1673,0.00029916362412499807
1674,8.113446992936151e-06
1675,8.989993051429944e-06
1676,8.989993051429944e-06
1677,0.0003039264694777422
1678,0.00030450171540571334
1679,0.00030450171540571334
1680,1.1575064975910327e-05
1681,0.00031055232075990184
1682,0.00030773669533298886
