1,0.0026968334099208456
2,0.0013292346528274545
3,0.0008348319708844047
4,0.0022357222912819047
5,0.000855634971091795
6,0.0002420452041988372
7,0.002793923400531538
8,0.00179321566147687
9,0.0018881201856753853
10,0.0010377798861561415
11,0.001983923639282366
12,0.002430169323497662
13,0.0013773094419109165
14,0.0011727217928586891
15,0.0017794960590186357
16,0.00033245419407064317
17,0.0011783785139226868
18,0.00013535914821375536
19,0.0007419807151659655
20,0.0005945590740823952
21,0.0007711909764656865
22,0.002306294421753714
23,0.0015068254185463157
24,0.001393622246509129
25,0.0020166931687692815
26,0.0007547699700798776
27,0.0009464137448753374
28,0.0022010386396927478
29,0.0011958904073152623
30,0.0004197613642645878
31,0.0014419015449226172
32,0.0008014626785502768
33,0.00127583764705342
34,9.362147585498732e-05
35,0.00013616375859577524
36,0.00022168338899885095
37,0.00014241482095254864
38,0.0012118437233334472
39,0.0011961707196852284
40,0.0006576239005819733
41,0.00045457737019796387
42,0.0016771020079537232
43,0.0005074804891260263
44,0.000934304982241479
45,0.0006990719310597617
46,0.0003649240411079263
47,0.0013230117907864825
48,0.0010579681797552624
49,0.0008999611811633394
50,0.003344572120212522
51,0.001209437773925091
52,0.0009136009939318743
53,0.0012746969242871428
54,0.0014268966519548185
55,0.0013429678054692632
56,0.0030701211763881475
57,0.0004119615741821288
58,0.0016553409622962422
59,0.000764363288173732
60,0.0006205319053930046
61,0.0006308113166789149
62,0.0015586617708474731
63,0.0011543566310891007
64,0.002502625784718472
65,0.0014643189443966328
66,0.0014855297110754292
67,0.0013798818883924617
68,0.0016630169124546453
69,0.0027885561307999067
70,0.0023807031840519036
71,0.00189249727004107
72,0.0013381141209983225
73,0.0015844413807602784
74,0.0003841078050256621
75,8.652793149444235e-05
76,0.0009528247429973612
77,0.001460501731585143
78,0.000736104550064552
79,0.002548615024702551
80,0.0010937283356929478
81,0.0014827108417029815
82,0.002203303021646362
83,0.0014277464199329965
84,0.00020534415104039755
85,0.0009575639078058909
86,0.0012598117150011147
87,0.001312319808486425
88,0.0018720709881836098
89,0.0022076830452847887
90,0.001008053346817042
91,0.001361189980921098
92,0.0013626381758198851
93,0.0009213114383753173
94,0.0015990654491350304
95,0.0019007630656187869
96,0.0023328826725553635
97,0.002123301948617268
98,0.0027199829230260724
99,0.0018976653700546395
100,0.003246514456750578
101,0.0007706943349505424
102,0.0005481670375278966
103,0.00016184855262183338
104,0.0003799801326863481
105,0.000657810900475591
106,0.0005864603024593715
107,0.0006423256701457765
108,0.0005610062849941378
109,0.0010222175852776165
110,0.0003560850616509058
111,0.0018245690851002392
112,0.0004993660268845553
113,0.00010186138931943061
114,0.0007880830159841606
115,0.0004265716256116244
116,0.0012017118905487613
117,0.0027066120440866863
118,0.0019590546891257742
119,4.9526090126206275e-05
120,0.0005906639651687902
121,0.0027400653584601724
122,0.0009545679285054903
123,0.0009757902985046675
124,0.001274517827053124
125,0.001980261059875394
126,0.0006280691590980526
127,0.0024796508045292318
128,0.0006980938007927356
129,0.0009576061229361092
130,0.000511032425570022
131,0.0008858782582563679
132,0.0023253798941226264
133,0.001384056152768566
134,0.0015629212046956373
135,0.0020769188553971304
136,0.0011854029104818717
137,0.0011675063554929396
138,0.00048801438249002755
139,0.0006094172556029649
140,0.0006230896430333409
141,0.0008118036907858891
142,0.0009138437030774695
143,0.0019180610984575075
144,0.002279143232841358
145,0.0006419360794776459
146,0.00010502009162983708
147,0.001362376917670179
148,0.0009836673870569246
149,0.0002721532650851496
150,0.0011188865623094047
151,0.002174590526544176
152,0.0007968168755958066
153,0.002289026776430416
154,0.0017931357999142546
155,0.001296975411080951
156,0.001278754357715269
157,0.0011885825000070133
158,0.0009270699105496043
159,0.0009814702226842932
160,0.0007492098359179394
161,0.001972275524274005
162,0.0009427278280621276
163,0.0008469853481018408
164,0.0013420527857790692
165,0.0005078389545955496
166,0.0005035668743330951
167,0.0007161512067025258
168,0.0027204731713095457
169,0.0009243290651912937
170,0.0010339465553890802
171,0.0009464807951440447
172,0.002707545688358919
173,0.0024019809838132502
174,0.002951622421293703
175,0.001705732977784862
176,0.0025348239261815987
177,0.0011718599309404254
178,0.0010671408973101483
179,0.0021546261775319308
180,0.0017825942529386054
181,0.00337849949912073
182,0.0021844928656005436
183,0.002522322375150215
184,0.0011104100391199578
185,0.0018898135891595549
186,0.002409662550769304
187,0.001656336898231589
188,0.0015698063651931632
189,0.0005587020767891139
190,0.0010897494454744476
191,0.0024605817867368474
192,0.0010097633134035458
193,0.001419125381454483
194,0.0017976178943935152
195,0.0026959871887626743
196,0.002398387031157667
197,0.0018134879134460826
198,0.0011768969923836086
199,0.001352013145968728
200,0.0017545945987381439
201,0.0011188741980799352
202,0.002263063287640303
203,0.0016523270977901218
204,0.0029866583195516582
205,0.0014014344987161895
206,0.0005571340317920124
207,0.0006639660814853431
208,0.002027471708965562
209,0.0016770929048892768
210,0.0025311773431215276
211,0.0020231672803124427
212,0.001176889954236782
213,0.0013613946453776649
214,0.0010122735200428403
215,0.0018387362238670205
216,0.00230206748186272
217,0.0015050424118551173
218,0.0016121856709619437
219,0.0014270781154434493
220,0.0005147834495920218
221,0.0006063546325664887
222,0.002318737822240604
223,0.0015186095858433532
224,0.00041340012291076015
225,0.0008515682454847258
226,0.0016210795278735989
227,0.001468243137100833
228,0.0020391802817313637
229,0.0015528583861853748
230,0.0020310262496133985
231,0.001401130409802012
232,0.001369505118368222
233,0.0012283104137965767
234,0.0022561994052229446
235,0.0017035596340431883
236,0.00044160236864635414
237,0.0025903753567425346
238,0.0021073685973224884
239,0.0017727591571173643
240,0.0012225707038620356
241,0.0012740204530765319
242,0.0006523349400618287
243,0.0007313818252529556
244,0.000349896502558139
245,0.0012498794675398627
246,0.0008667718881407621
247,0.0003622466948061867
248,0.0015508968229702538
249,0.0010018138992981015
250,0.001729478863072396
251,0.0006844725098742281
252,0.0011492563114133532
253,0.000489275584814197
254,0.0008384842257064838
255,0.001015945416419198
256,0.0004884736308387503
257,0.0021379836748723303
258,0.00284288017952545
259,0.0012348140039187341
260,0.0008537724888741189
261,0.00027016740388320854
262,0.0007975172120656776
263,0.00015910694914141155
264,0.0006920149630665075
265,0.0022062849089836177
266,0.00025685355513132966
267,0.00038018596181854474
268,0.00146361432276177
269,0.0015467304096714013
270,0.0008671586226472748
271,0.0015296248868414066
272,0.0014321013995670414
273,0.0019048809679110196
274,0.001359732665756819
275,0.0018575537833037748
276,0.0017621670874671041
277,0.0005703804121604238
278,0.0004431532881030643
279,0.0002814392534025134
280,0.0009565282039785734
281,0.0011809362137166026
282,0.0018627033912140638
283,0.001180629347781043
284,0.0014580742070306883
285,0.0013297906120454583
286,0.00250498562603448
287,0.0006259230786101671
288,0.0024189642374493046
289,0.0013216287094170761
290,0.0008690589997665694
291,0.0010258402040841477
292,0.0006362308457257247
293,0.0010171201374180841
294,0.0024141836471376185
295,0.0005503994714818461
296,0.0003612266410364276
297,0.0003861817121818833
298,0.0012826952105986513
299,0.0004724361368909527
300,0.001937613233601265
301,0.0012247348690776901
302,0.00161092873857876
303,0.0010451564503821972
304,0.0007666048679301808
305,0.000536474782269103
306,0.0004948766848657333
307,0.0010058970905388032
308,0.00022283467946338753
309,0.00014943999045550176
310,0.0007944095323678865
311,0.00043359163458107507
312,0.0008053516077892032
313,0.0017990362792494516
314,6.019709683129489e-05
315,0.00123597832190093
316,0.000789400112227525
317,0.0009945977449939694
318,0.002164994479585074
319,0.0009308697910989115
320,0.0005179096677665478
321,0.0009027430590613669
322,0.0014537795060355285
323,0.0011900977663374978
324,0.0007378726596925792
325,0.0010493122626152515
326,0.0012039003018243296
327,0.0011596773957860628
328,0.0018459287191216213
329,0.00060175525470049
330,0.0003417726199213644
331,0.0008986009143092563
332,0.0010647981589450052
333,0.00130936416547777
334,0.00039593197638893387
335,0.0004361115055887977
336,0.0005900122455806719
337,0.00016490568783525812
338,0.0008777766249927062
339,0.00029003609062323984
340,0.0009690196836125409
341,0.0004132137012642321
342,0.0003617077156079596
343,0.0010267722014757246
344,0.0003223630085094801
345,0.0004376103421443964
346,0.0010967029611743564
347,0.0008858206226930368
348,0.0002061872502023836
349,0.00023637614042942
350,0.0002879628177777279
351,0.00019319423405062328
352,0.00018536849477356843
353,0.0001228291164909325
354,0.0005275387046924068
355,0.0003179861060294064
356,0.0010169063032889809
357,0.0019612454186238143
358,0.0008286468666835356
359,0.00012583309771833643
360,8.951615757993406e-05
361,0.00039326135254957726
362,0.0001965957969476463
363,0.0005107959095006746
364,0.0004350957394069215
365,0.000835482097887038
366,0.000905103879347572
367,0.0019709086636672812
368,0.0003259782179174322
369,0.00047081506222128186
370,0.0003227150465846208
371,0.001003536070247569
372,0.0003801202558647764
373,0.0007552368675217481
374,0.00015246165351382875
375,0.0006117385462486721
376,0.000270006825508984
377,0.0004908286927796301
378,0.0009835565530099829
379,0.0005065049487255359
380,0.0011629384309823163
381,0.000898763063372789
382,0.0013486905031545886
383,0.0006356649556141147
384,0.0007681787207392864
385,0.0019341783851772357
386,0.0009494334294329775
387,0.0007586374976366997
388,0.0006707323792697501
389,0.0006053501839094102
390,0.00040926757101669394
391,0.0006786880271952506
392,0.0007132883416423698
393,0.001813174262162113
394,0.00015975524539172713
395,0.0005989020046030584
396,0.0006997824750748362
397,0.00017315480011242381
398,0.00033228362877565996
399,0.001240787575700324
400,0.00022836335659308157
401,0.0011600605652141993
402,0.0018812563808756342
403,0.00217833322562927
404,0.0013355450443362916
405,0.00236495311156037
406,0.0007061126900957717
407,0.0003977893465576879
408,0.0010700916958045338
409,0.0006021150337451622
410,0.0012660119250131573
411,0.001618325754698784
412,0.0008334659385711047
413,0.000808035450640363
414,0.0006511365912391053
415,0.00034491263458604496
416,0.0006441712279430652
417,0.0008426518251289046
418,0.0015033656388509
419,0.0018645548795509122
420,0.0008508267734309105
421,0.0010349828587492061
422,0.00025211653990905343
423,0.002400116189387297
424,0.00018305797156541607
425,0.0012200919564242761
426,0.0006588609304803322
427,0.0016271190614112298
428,0.0011538266687206194
429,0.0008581600714803418
430,0.000879415894417172
431,0.0014158876506679798
432,0.0015208119401846029
433,0.001919370817242957
434,0.0006413489329214207
435,0.001642098276650043
436,0.0010080585977894519
437,8.967590116482378e-05
438,0.00010623293763420432
439,8.967590116482378e-05
440,0.0004897634845222826
441,0.0008211291578414925
442,8.140202089857975e-05
443,0.0014917767940550604
444,0.0007892399199943405
445,0.0005693649218474742
446,0.00013823967187647732
447,0.0011661506402877535
448,0.0009138170063886484
449,0.0010776144244722164
450,0.0006106490619801251
451,0.0015963796442096385
452,0.0006929222775668428
453,0.0005198656155359811
454,0.00018850446069317795
455,0.0011831485579196865
456,0.0006982388799722283
457,0.0005281125353468382
458,0.0006603354746437053
459,0.00022609338348798856
460,0.00025999973744075523
461,0.0007989200547303426
462,0.0012514782267950338
463,0.0009827353571120335
464,0.0003705381725392053
465,0.0008191372849529686
466,0.0008460851704528737
467,0.0008427439321901627
468,0.0007035991919367623
469,0.0007313438986741652
470,0.0011297660470424853
471,0.0015367159246425879
472,0.0016104908542139817
473,0.0010456152450411733
474,0.001543405113422097
475,0.0016007173141755922
476,0.001157635314372295
477,0.0007672679900243497
478,0.00081421498029466
479,0.0014171612601677629
480,0.0014450306892756987
481,0.0008869980577314858
482,0.0010888889781444124
483,0.0018006430046051461
484,0.00108074338712394
485,0.0010666045093693215
486,0.0005189100515011386
487,0.0005311186912403144
488,0.0006359841128614236
489,0.0005003269587471848
490,0.00046627690409319116
491,0.0006761327676719179
492,0.0005634282703901194
493,0.0005417076755838401
494,0.0005224499647333551
495,0.0005091028880420755
496,0.0020543190976435033
497,0.0009229084280433739
498,0.0015501421763141365
499,0.0008636908869149527
500,0.00035294664219051597
501,0.0011882699534333302
502,0.0006041808967179442
503,0.0004323296458202219
504,0.0013529055388012206
505,0.0006749822267174293
506,0.0009380216647344762
507,0.0008459637581316478
508,0.0014060712502430607
509,0.0010646735298048373
510,0.001015362633790946
511,0.0016781295279170827
512,0.0008358355820201843
513,0.0006156964980883542
514,0.0013622144333617495
515,0.0013528590813498725
516,0.0006265902205929916
517,0.001134747644405522
518,0.0008952438877070257
519,0.0007160712675293019
520,0.0010694040162540646
521,0.001069242465891222
522,0.0006500822451707808
523,0.0012361004061437197
524,0.000394762495476556
525,0.0007010417403969969
526,0.0014132723548283554
527,0.0016277407071232128
528,0.0010089326972775963
529,0.0008262941781874834
530,0.0010471961613644633
531,0.0010811514960941385
532,0.00019692527833650833
533,0.00017097587216888664
534,0.00015569723845189728
535,0.000409279197181429
536,0.0004492606928802339
537,0.0003901780935341849
538,0.0003519453270348334
539,0.00028625276747522256
540,0.0008305134523032274
541,0.0005804977332924537
542,0.0005597548564146431
543,0.000244541341457856
544,0.0009122641070682447
545,0.00017528133396240797
546,0.001885434845616886
547,0.0006822369683411502
548,0.0004535136054760204
549,0.0010284021535474123
550,0.0018339211906682217
551,0.0002991725847249211
552,0.0005698473074537507
553,0.0006666055039199156
554,0.0010329675732610832
555,0.00015747515037142738
556,0.0001944774395735803
557,0.00022461655046464467
558,0.0007832765319509397
559,0.001413026164921616
560,0.0005412305498766509
561,0.000652834369172036
562,0.0005455267057646254
563,0.0003334684588382233
564,0.0006201807798353006
565,0.0002592914333705567
566,0.0016873414177518615
567,0.00036057110556616195
568,0.0020161338868275713
569,0.0007674854232354796
570,0.0008708756280828011
571,0.00040999966274450796
572,0.00039627054735679053
573,0.00035628729503282044
574,0.00022209927312631875
575,0.0005032897014492896
576,0.0013096443764797296
577,0.0004917072925689764
578,0.00103337353508365
579,0.00023693528755311266
580,0.00031487773317158445
581,0.0006499854325510338
582,0.0014176933126498507
583,0.0007568199953403382
584,0.0007559435574830808
585,0.0007544413344611955
586,0.00042821278127538415
587,0.0004805655472538236
588,0.001693177271934073
589,0.00043422052602071486
590,0.00048592849758763445
591,0.0016392914187345635
592,0.0001435526572317613
593,0.00045521192484053723
594,8.696122730859256e-05
595,0.0004884796258404368
596,0.0009004778747986663
597,0.0015292829697621981
598,0.0003636359255557642
599,1.730078818816613e-05
600,2.702791200160246e-05
601,0.0002442972429580673
602,0.0005127872687672758
603,0.0018958814954206796
604,0.000649905676516867
605,0.0006126645749818475
606,0.0006288214844884803
607,0.0009187033644887998
608,0.00033166769756002657
609,0.0008669951871413512
610,0.0004518339182755639
611,0.0006733846941938209
612,0.0003491790224316796
613,0.00029240587183181
614,0.0008283177904297652
615,0.0008089625344892679
616,0.0006723766687750232
617,0.00047070581981308415
618,0.00020252022383014247
619,0.000624696459463563
620,0.0007262233204506253
621,0.0001525091769692604
622,0.0004437953805541915
623,0.0007272212803174378
624,0.0002990666611904663
625,0.000814612019357827
626,0.00038131445939021066
627,0.0007781242653371627
628,0.00127730924511177
629,0.0007509668950697612
630,0.0006562600771449454
631,0.0014333627215613641
632,0.0005504508654476533
633,0.0009194080907721708
634,0.000541551135083359
635,0.0002537057806101865
636,0.0012775218460792524
637,0.00040094927722263493
638,0.00045359656376686903
639,0.0004379151653057671
640,0.0010919516632962134
641,0.0003033634709732394
642,0.000956395453590398
643,6.233029830046667e-05
644,0.000406985795041721
645,0.00030287460040164026
646,0.0006894359258844023
647,0.0007157049875657822
648,0.0008703778345775831
649,0.0005873694860469955
650,0.0007070908317542814
651,0.0017847710270197145
652,0.0008567528804473487
653,0.0003720642066722051
654,0.001257274268473595
655,0.002240237354288731
656,0.0007246698055166654
657,0.0011103803481135387
658,0.0008811811922619626
659,0.0009888416097094358
660,0.0013747101187796841
661,0.0007615310154670125
662,0.0007751322095227628
663,0.001355635237792385
664,0.0004639669670575047
665,0.001003569187958267
666,8.573917656317714e-05
667,0.00015655374296482874
668,0.00011560315544328584
669,0.0001763520956437386
670,0.0004231777080984189
671,0.0005045359062448917
672,0.0006620885478160951
673,0.000863521453575354
674,0.0005360609076128335
675,0.0005596953682852343
676,0.0005961149732672075
677,0.0003154751009903264
678,0.0012287690396899857
679,0.0010867159766799884
680,0.0005470546846006927
681,0.00020980421322956756
682,0.0005324354343416932
683,0.00032297193891129986
684,0.0015405232788478324
685,0.0012482267876748525
686,0.000917420873453768
687,0.0004786217334101342
688,0.0002607824543569955
689,0.0005364441674490252
690,0.0010429259587578343
691,0.00014458944489779908
692,0.0014936137951394135
693,0.0010093219027070947
694,0.0006921521471067061
695,0.0004676483841697191
696,0.0006481964289697629
697,0.00046809223582098213
698,0.0001618199777569958
699,0.001228943705347779
700,0.00025440991412155507
701,6.802935543707425e-05
702,0.0006228973284370258
703,0.00021752638892967002
704,0.0002547032993958132
705,0.0010989891438235103
706,6.492498911519527e-05
707,0.0006448533941344508
708,0.0010082142217334167
709,0.0010131789114833192
710,0.0010975986094774778
711,7.14872533266696e-06
712,0.0008750212783540086
713,0.0006029822276462986
714,0.00046022352360382593
715,0.0010065830136477406
716,0.0006260993514246643
717,0.0006503963965661218
718,0.00046702961221292065
719,0.0006788501660350666
720,0.0008372469763309705
721,0.0006154548118950151
722,0.0009712588567714358
723,0.00044050435574023716
724,0.0007414968776048747
725,0.00026185084636353134
726,0.00019412624878157136
727,0.0009995321730869595
728,0.0005728070473539702
729,0.0009033037533781807
730,0.00026287586340533023
731,0.0004898779589017683
732,0.001675114072263782
733,0.00021895354074763176
734,0.00035901773688959003
735,0.0013361742871295962
736,0.001037703361690209
737,0.0006417621300564899
738,0.0006345243578981324
739,0.0015759161556910593
740,0.00044052387934651825
741,0.0005058757129111968
742,0.002085487372689495
743,0.0003633812830127686
744,0.0009451799675924607
745,0.00019845134410921168
746,0.0012329702928854356
747,0.0010560807165128534
748,0.001889022475932821
749,0.0003704963000087962
750,0.0009970319489474395
751,0.0013589319908784774
752,0.0006127758642861954
753,0.0002653657315891329
754,0.00030472768160657405
755,0.00097806745152852
756,0.0009437067349705128
757,8.706536594887783e-05
758,0.0005213686927019933
759,0.0004786832020513753
760,0.00039213261487368545
761,0.000554044958805834
762,0.001252013832840326
763,0.0011127039890052493
764,0.00030215558748806863
765,0.0004628738303464801
766,0.00014257476285824496
767,0.0001593107785897527
768,0.0006055547244279957
769,0.000767130749439566
770,0.0009486769920408219
771,0.0004838288148210022
772,0.0005212210776715144
773,0.0005269183252691088
774,0.0006978007511341833
775,0.0003714172162630534
776,0.00043776128154264407
777,8.822192738788562e-05
778,0.0010848737171894568
779,0.0007049309123274461
780,0.0007636442802315613
781,0.0011665143534301857
782,0.0005062645400024452
783,0.0008062972423875262
784,6.988496240358654e-05
785,0.0007698042782826439
786,0.0005365435368187717
787,0.0001920180752000677
788,7.113828513272792e-05
789,0.0005806305171858849
790,0.0007208853908662277
791,0.00015997187846739897
792,0.0009319830908897626
793,0.00018049200572235342
794,0.000554626877170255
795,0.0005734898834168602
796,0.0007537128221271658
797,0.00035073939617299304
798,0.00014923276157823758
799,0.00036465395945459373
800,0.00033534745707225575
801,0.00024202519461712113
802,0.0004971296913061087
803,0.00046203984754813657
804,0.00012939470193743145
805,0.0003623793782666332
806,0.0008787489889192948
807,0.00048085958816546873
808,0.00039308607176123146
809,0.0007861751285099139
810,0.0005259422940898658
811,0.0001881341937891132
812,0.0002475879963034418
813,0.0004210252424760765
814,2.8371953488395308e-05
815,0.0008149997404394807
816,0.00024606868182281777
817,5.090540932235634e-05
818,0.0002766318974359668
819,0.0003430263932215676
820,0.0011238588767226053
821,0.00025762885850333974
822,6.165793516012651e-05
823,0.0010715647518517316
824,0.0005444005686405997
825,0.0010572715563219076
826,0.0007121698513050778
827,0.0004656686470950569
828,0.00043372936541858015
829,0.00027115163271101885
830,2.8371953488395308e-05
831,0.000827935666701712
832,0.0005354998538717362
833,0.00047527560707345676
834,0.0002595503541468408
835,0.00043738980466746487
836,0.00027635852768796015
837,0.0002901894527390117
838,4.5787827410716636e-05
839,5.459938622322781e-05
840,0.0007738189478517577
841,0.00040770029685498535
842,0.0006513061396051316
843,0.00039517677530234686
844,0.0006993076851299087
845,0.001344101915491873
846,0.00036591470920166854
847,0.0007775853992533532
848,0.00012247544786639518
849,0.0005679430404312763
850,6.4629655319322e-05
851,8.780956614815987e-05
852,2.8371953488395308e-05
853,0.00020203150347238602
854,0.00021230338873722544
855,0.0005779821269798469
856,0.00038611600725950706
857,0.0003267772941451118
858,7.815759958790929e-05
859,0.00016413462034895032
860,0.0004918538257131268
861,0.00037923951022171125
862,0.0001887215260607531
863,0.00025099222358312983
864,0.0006133270875244711
865,0.0002484337508065327
866,0.0011433659465548782
867,0.00011959547595978523
868,4.4455404802268326e-05
869,0.00029156593363088824
870,0.00011783203531617649
871,0.0005422695301438247
872,0.00030520867552616664
873,0.0007747386724351854
874,0.00029349842223021027
875,0.0003900610577426385
876,0.0003282413340130936
877,0.00035068016509971956
878,0.0002587060269330731
879,0.0010328323414797763
880,0.0003660154824990935
881,0.0003149036724708805
882,0.00024452444221258304
883,0.0004148889614999079
884,8.645148550730689e-05
885,0.00015951824873363667
886,0.0003447038084877892
887,0.0007034444383218718
888,0.00012402128366630617
889,0.00013831865670598374
890,0.0003979682621184936
891,0.00033926064578726885
892,0.000615407899868921
893,8.779385371081568e-05
894,0.0001285600488286106
895,0.0009835340646932589
896,0.00030125318763884595
897,3.474095364356988e-05
898,0.0003353060137296465
899,9.367851614214253e-05
900,0.00031228944960834355
901,0.00011620680341447025
902,0.00032237848906093813
903,0.0001601944309262029
904,0.00022944557876516814
905,0.00022409781524538745
906,0.00015550067455697043
907,3.460229679309865e-05
908,0.0004406047003659317
909,0.00012065891707072045
910,7.558934905405293e-05
911,7.733710835335463e-05
912,0.0004150712139795403
913,0.00036072759699222744
914,0.00011241294386665742
915,0.00017321659300053772
916,0.000207122407798302
917,8.951052085221271e-05
918,0.0001210504806922868
919,0.0007713109101616434
920,0.0003851840450538582
921,0.0004786310454343597
922,0.00034496658365360173
923,0.0004829620771023943
924,0.0006396971374062427
925,0.0003098029946276633
926,0.0007568016086718684
927,9.773600646039505e-05
928,0.000903959581601722
929,0.0006757484787697636
930,0.0009828571332046714
931,0.0005406163698179898
932,0.0006607142625872308
933,0.0001829252731890856
934,0.0005034962039746636
935,8.520247978242748e-05
936,0.00027060041600099045
937,0.00021552974255199228
938,0.00014454925316365156
939,0.0009627837265052245
940,0.000405262058907985
941,0.0008092529343180322
942,0.0008837870820873225
943,0.00045339923811967
944,0.0005011288224647254
945,0.0006877436071789796
946,0.0006077047456096126
947,0.00015976985501423257
948,0.00032732701546714507
949,0.0006635190840513038
950,0.00031978605078106443
951,0.0004471821940617724
952,0.0006855042363973884
953,0.00029498878467989646
954,0.00015135211808227835
955,0.0005424259660662238
956,0.0008089543615426145
957,0.00035094461334002157
958,0.00046736648622821794
959,0.0010240079553100114
960,0.00029346026852152744
961,0.00034750539984214877
962,0.00022666801212634167
963,0.0006555323628970543
964,0.00013942216747776917
965,0.0005384380514602588
966,0.0003179460125805751
967,0.00014050332017402346
968,0.0004720194590084922
969,0.0006345685743308288
970,0.00041321677555507784
971,0.0003503267427245966
972,0.00036888060444282585
973,3.839761286485685e-05
974,0.00032409051241604544
975,0.0004075008844677781
976,0.00042355128635163434
977,0.00047390299129000424
978,0.00025009485174484297
979,0.0003488462688879437
980,0.00028197929250391553
981,9.441467016384405e-05
982,0.00020346447675341893
983,0.0004516459757266154
984,0.00033384245106300763
985,0.0004860001675427415
986,0.00021024920779323737
987,0.00033921433631439117
988,0.00042332938641296387
989,0.00020088717313185075
990,0.0002349491726188727
991,0.000190192374713538
992,6.496306071090666e-05
993,0.0004957209480126542
994,9.465358146636211e-05
995,0.00021184058742182766
996,0.00046388354043561055
997,0.00023157605821502727
998,0.0004847244681744988
999,0.00043726942647354594
1000,0.00043983236771335377
1001,0.0001865340546088048
1002,0.00010444599788484731
1003,8.617506758212504e-05
1004,0.0001264000988664349
1005,0.0002344750784531156
1006,0.0002743602599288465
1007,0.0006778133725926436
1008,0.0003304584015384497
1009,0.00048463870709776225
1010,0.0004468365562282883
1011,0.0011241504639148796
1012,0.0010351377486939066
1013,0.00032432722385149817
1014,0.001097532381255107
1015,0.00043126831425055034
1016,0.0010564602412071657
1017,0.00042432918134504
1018,0.0003447272635443126
1019,0.0006025782529419614
1020,0.0003340538863951384
1021,0.00036413385247655575
1022,0.0002194332792967939
1023,0.0005846537540194506
1024,0.0004074396712765399
1025,0.000276163315474915
1026,4.265234439326323e-05
1027,0.00036286781843956347
1028,0.001398910801009802
1029,0.00020166269352583626
1030,0.0005313991076707454
1031,0.0003993632225456747
1032,0.0005009020161579468
1033,0.00029319094604887957
1034,0.0005634895673255291
1035,0.0006890532420505138
1036,0.0005666591742761312
1037,0.000594769791409775
1038,0.00012010849058203055
1039,0.0007756915715040539
1040,0.00022648767357490274
1041,0.000949109174901644
1042,0.0003712631363098917
1043,0.00039905258868286016
1044,0.0005201406028178677
1045,0.0006330874556531943
1046,0.0005460893064657125
1047,0.0013504861607035524
1048,0.000667820567542382
1049,0.0005433339583970938
1050,0.00040500708918632237
1051,0.0003229389596382906
1052,0.00026540252334718853
1053,0.0003225225795082163
1054,0.00022020044172351704
1055,0.0001408366018830286
1056,0.00011576395520882622
1057,0.0005223969376087932
1058,0.0002154181934498852
1059,0.00028717804379176505
1060,0.00030190032446310853
1061,0.00022820135255095922
1062,0.00011452118580240834
1063,0.0003873700662526808
1064,0.0003334255310528337
1065,0.0007885877050773392
1066,0.0001965429948004216
1067,0.00034125167368339855
1068,0.0001372100838390918
1069,0.0002550971696708009
1070,0.00033100851554625476
1071,0.0001923977707548612
1072,0.00011195437212362821
1073,0.0006136785697740488
1074,0.0008527859667920193
1075,8.201908480522055e-05
1076,0.00047672803572937697
1077,0.0003933309604217333
1078,0.00025532835212255115
1079,0.0007348777052394793
1080,1.9840397849969196e-05
1081,9.310755947398626e-05
1082,0.00040965298553386306
1083,5.68476578335541e-05
1084,0.0004770345027154177
1085,0.00044986029918747965
1086,0.00022898448793662237
1087,0.00012444663570848724
1088,0.00044731976809161034
1089,0.00035069578344272876
1090,0.00041944141892488556
1091,0.0007851284332968623
1092,0.00016328066236765388
1093,0.00023486496800092466
1094,0.00040545955861989345
1095,0.0006019531871627659
1096,0.0003319499812427319
1097,0.00020342096498803403
1098,0.0004333708882560953
1099,0.00044862981508215225
1100,0.00013865038681488506
1101,0.001033511807279979
1102,7.898116230889825e-05
1103,0.0002544269717347858
1104,0.000357060909518199
1105,0.0004128897333498454
1106,5.424762170919055e-05
1107,0.00027405342363632986
1108,0.00012465652390896757
1109,0.0006278398859275764
1110,0.00045373809667448165
1111,0.0004372639277363821
1112,0.00023781622230294313
1113,0.0006063651929560344
1114,9.870395701593691e-05
1115,0.0002420172055704219
1116,0.0004212555979476729
1117,0.0004480201564728388
1118,0.0005537326605886842
1119,0.0005850114495270213
1120,0.0004938678406293432
1121,0.00020696185048366648
1122,0.0003070708573304013
1123,4.328453258905205e-05
1124,0.0001107425685388755
1125,2.7453348158921827e-05
1126,0.000279359528805879
1127,5.535346962914836e-05
1128,0.00015642670036369557
1129,0.000569708596140101
1130,0.00030798681003856574
1131,0.00016882694715919763
1132,0.0002749972630538238
1133,0.0006285733389054513
1134,0.0003602499705034415
1135,0.0005376640310135383
1136,0.0003276815907201595
1137,0.00024182781046815606
1138,4.780596238672683e-05
1139,0.000435403297068028
1140,0.0005227928502015413
1141,0.0004088143352826704
1142,0.000355779293375119
1143,0.00016289473272150705
1144,5.631822193277097e-05
1145,0.00011035456523475613
1146,6.0406566961670385e-05
1147,0.0002977233884614817
1148,0.0004060736990980318
1149,0.0005143168993019639
1150,9.614954663496004e-05
1151,0.00040735179188034854
1152,0.0004986191313608303
1153,0.00024124191537810324
1154,0.00011500540721772498
1155,4.407532232140673e-05
1156,0.00030217411024921167
1157,0.00025721322827257424
1158,5.551060423802917e-05
1159,0.0004153222821615935
1160,0.000252111915115059
1161,0.000139758010090856
1162,7.411949170525221e-05
1163,0.0002342570275142316
1164,6.49681823515017e-05
1165,0.00014461246861232122
1166,0.00019785776897404672
1167,0.00014397091103836518
1168,0.0005786326979352482
1169,0.00015676622981735736
1170,0.00033886921375744105
1171,0.00013882941228584542
1172,0.00015059246521783183
1173,0.00011857622566999477
1174,0.00012842840495913747
1175,0.0003512186451716268
1176,0.0004598848637943941
1177,0.0003953849775483542
1178,0.0002753873239402262
1179,0.00014831635244857302
1180,0.0001543307264230937
1181,0.0001346180206491727
1182,0.00020241301414972683
1183,0.0004802196690601974
1184,0.00046276491012101203
1185,0.00020813653696128955
1186,0.0003622161079298717
1187,0.00014433398852466904
1188,0.000775655113184193
1189,4.123157078626645e-05
1190,0.0003747630248917951
1191,0.0003214056358403201
1192,0.00017862202992455673
1193,0.0004296594780565977
1194,0.000350026420170074
1195,0.00045924003279449653
1196,0.0003490125854006567
1197,0.0003807519580097604
1198,0.00013245781192341866
1199,0.00022509347639340646
1200,9.844738313022926e-05
1201,1.2238831979962673e-05
1202,0.00010408963569707103
1203,0.00020773201169736302
1204,0.00016657201303995917
1205,8.178613201783341e-05
1206,0.00026445744560121495
1207,0.00022707011702937955
1208,0.000301202127497939
1209,0.00024091170618834875
1210,0.0007701195553636332
1211,0.00016373390632912297
1212,0.0003673761279367422
1213,0.0003913260946683207
1214,0.00011585971194139333
1215,0.0006269598335813246
1216,0.0003688442538767367
1217,0.00047719466408457315
1218,0.00029711524600909323
1219,0.00022558941608457906
1220,0.0007423528861269408
1221,0.0004749324446369815
1222,0.0006137739555542119
1223,6.617119399037438e-05
1224,0.0005124543950423674
1225,0.0001895977718246066
1226,0.0006422597019447552
1227,0.00011059140444794379
1228,0.0008490025990691925
1229,0.00047492468949896665
1230,0.00023446232233158607
1231,0.00027160982344175073
1232,0.0005467698192890745
1233,5.9758161246126456e-05
1234,4.22172483116736e-05
1235,0.0003059582462139799
1236,0.0003059582462139799
1237,4.7841789649296436e-05
1238,6.255769575495874e-05
1239,0.0002584303695423471
1240,0.00025710490898818265
1241,5.503053005588914e-05
1242,7.215270720377929e-05
1243,4.481133986278645e-05
1244,0.0006553331270136484
1245,0.0005224774306140872
1246,0.00010316367216569821
1247,0.00040378388208892003
1248,0.0002787372599090592
1249,0.00017889819551793516
1250,0.000401734147755247
1251,5.449997440441032e-05
1252,0.00013205364039979136
1253,0.00011214078207358435
1254,7.617816711113225e-05
1255,0.00012143511197658636
1256,6.0197013699735085e-05
1257,7.067560289015164e-05
1258,0.00021673203122164484
1259,4.2478220271176125e-05
1260,0.0003645268209840413
1261,7.87694362070401e-05
1262,0.00010820399125225894
1263,0.00015253912235365868
1264,7.594140647983434e-05
1265,0.00019245132183120852
1266,0.00014939147261903044
1267,0.0004744178839241437
1268,0.00014613954328672273
1269,0.00011061989902935928
1270,8.317356311257268e-05
1271,0.00011582778699860481
1272,0.0003574993210275165
1273,0.0004818490646007669
1274,0.00016368936794517675
1275,7.499434361846844e-05
1276,0.00011490728798143659
1277,0.00017284955619368265
1278,0.00012466866501964312
1279,9.334617695865835e-05
1280,0.00011261735655743547
1281,0.00013463358511517107
1282,0.00010910601548446989
1283,0.00044745337016938836
1284,0.0002575817910421232
1285,0.00016710904497489664
1286,0.0002139151379742298
1287,7.56276649420695e-05
1288,0.0001376566567220066
1289,8.390836649979958e-05
1290,5.498872766801183e-05
1291,0.0004880579828882725
1292,4.842541719116203e-05
1293,0.00030761755247527163
1294,3.537514899280827e-05
1295,6.724751204703123e-05
1296,0.00046801624419658
1297,0.00017831325629278974
1298,8.677964713581664e-05
1299,0.0003611799763895458
1300,9.291886044206465e-05
1301,0.000355563365736135
1302,0.0003635354535910662
1303,0.00021597870056198418
1304,1.5908671284344173e-05
1305,0.00011254120648948598
1306,4.410174054849511e-05
1307,4.410174054849511e-05
1308,4.410174054849511e-05
1309,2.600794557808401e-06
1310,2.600794557808401e-06
1311,0.0005384365744782244
1312,8.783881368773684e-05
1313,0.00038538188451228315
1314,0.00013425363674389974
1315,0.00018214767241051883
1316,6.987744193731278e-05
1317,8.211325030431318e-05
1318,7.484649246641077e-05
1319,8.296892790627056e-05
1320,2.9836603555218404e-05
1321,5.065900078611066e-05
1322,9.753378303376538e-05
1323,3.986753586813907e-05
1324,6.49121090382288e-05
1325,0.0003280573116163844
1326,5.335736204993669e-05
1327,3.9200711848260436e-05
1328,6.085397961725915e-05
1329,2.9836603555218404e-05
1330,5.883057256104491e-05
1331,0.00034459683825253864
1332,0.000334465777552894
1333,6.423714638898569e-05
1334,7.135305000531752e-05
1335,0.00012695540458602022
1336,0.0001315466690406798
1337,0.0004460057696493101
1338,8.339095887758854e-05
1339,2.9836603555218404e-05
1340,0.0003280573116163844
1341,0.0003280573116163844
1342,3.1495237005200604e-05
1343,2.9836603555218404e-05
1344,7.800940985523802e-05
1345,3.605409423284274e-05
1346,8.69976837621312e-05
1347,3.7532051435600414e-05
1348,0.0003280573116163844
1349,0.0003280573116163844
1350,3.9645639133055864e-05
1351,0.0003774676512777563
1352,0.0003280573116163844
1353,9.492413196245594e-05
1354,3.1390997419142304e-05
1355,0.00035250306419417157
1356,0.00037761267946649266
1357,3.2954339732385626e-05
1358,3.278217345113788e-05
1359,7.135305000531752e-05
1360,0.00033696877786882295
1361,0.00036223011355870476
1362,3.319380069084066e-05
1363,0.0003280573116163844
1364,2.9836603555218404e-05
1365,3.194224185037762e-05
1366,2.9836603555218404e-05
1367,5.2679972456052866e-05
1368,0.00038099612355170954
1369,6.958353354640968e-05
1370,7.016828686339736e-05
1371,0.0003339750354442448
1372,0.00033891411746227006
1373,2.9836603555218404e-05
1374,3.4026015211227876e-05
1375,0.00011859945923346058
1376,0.0004004891873036076
1377,0.0003557043803818833
1378,9.973576818179047e-05
1379,0.00042274307283067725
1380,9.29709280387452e-05
1381,6.839109428337416e-05
1382,9.310527124318435e-05
1383,7.408750168679075e-05
1384,9.125965238724208e-05
1385,0.0003669293752760199
1386,7.046626489157891e-05
1387,0.0003895215582744331
1388,9.335123728254831e-05
1389,5.468054474010592e-05
1390,4.9736923491293195e-05
1391,9.125965238724208e-05
1392,5.2588335475591824e-05
1393,0.00038640607985782776
1394,0.00010557514211210486
1395,8.799395844943204e-05
1396,0.0003348513345086426
1397,6.515970044556959e-05
1398,0.0003251700943158664
1399,7.194280419816239e-05
1400,0.00017508507548655208
1401,0.00017204962269319463
1402,0.00035272575688252266
1403,6.105626943605252e-05
1404,0.00016244655675293608
1405,8.232256345568715e-05
1406,0.00036277467873317167
1407,0.00028340704515186435
1408,6.315244691297301e-05
1409,0.00039401833732879976
1410,0.00034478043287702756
1411,0.0006199360021239237
1412,8.66835828029688e-05
1413,0.000396782080305799
1414,5.226092585063989e-06
1415,0.0004278159602493393
1416,0.0003604255764563378
1417,0.00032236561662174403
1418,5.618717221174703e-05
1419,0.0002053286920282582
1420,0.0003262498829774179
1421,0.00020099733522037025
1422,6.732290574503226e-05
1423,8.943021001424893e-05
1424,6.616173541245398e-05
1425,0.0001658155610993679
1426,0.00012676029464744524
1427,0.00035945370599218445
1428,0.0001659692617775006
1429,0.0003503591654400616
1430,1.5050909036151405e-05
1431,0.0003248632984767585
1432,5.3170245958235117e-05
1433,0.0003065852550944877
1434,9.342034240972031e-05
1435,0.00013459088817138518
1436,0.0003419980481732664
1437,0.0004339823668055851
1438,0.0004016732385802468
1439,0.00012974710869592093
1440,0.0003720406744595226
1441,0.00012878875016478463
1442,7.052772538554824e-05
1443,3.7811890467983944e-05
1444,0.00021588392412971366
1445,0.0004155518835475668
1446,0.0004791963886811271
1447,2.093621102062354e-05
1448,0.00036537423918984514
1449,8.263647317200001e-05
1450,2.738994596235923e-05
1451,0.0001395612068279775
1452,2.093621102062354e-05
1453,2.093621102062354e-05
1454,0.0003630574358178166
1455,2.6911319217074476e-05
1456,9.13642003622766e-05
1457,2.093621102062354e-05
1458,2.093621102062354e-05
1459,0.00036984241102211137
1460,2.093621102062354e-05
1461,2.093621102062354e-05
1462,0.0003961936232932573
1463,2.5700393904103177e-05
1464,5.542469283178817e-05
1465,4.3389797499165855e-05
1466,7.106120073061039e-05
1467,1.8948144144865578e-05
1468,0.00039290072886697525
1469,0.00046679587790058273
1470,7.175476060266197e-05
1471,0.00013408935049154643
1472,0.00030533489217160936
1473,0.00011365957211505198
1474,7.996573453866618e-05
1475,0.00041829943541910953
1476,1.3891359715659967e-05
1477,0.0003316907534842349
1478,0.0002653807931640523
1479,0.000458868997929135
1480,0.00016459202615594522
1481,4.354184029949719e-05
1482,2.2719111910731093e-05
1483,0.0004031751703359782
1484,6.854300845797549e-05
1485,4.608978148366639e-05
1486,2.0822417445613353e-05
1487,8.367604514665631e-05
1488,7.947902816916487e-05
1489,6.198363596525953e-05
1490,7.75045068169885e-05
1491,2.5645347901522104e-05
1492,0.00031904177925158676
1493,2.0822417445613353e-05
1494,2.0822417445613353e-05
1495,7.11614940837249e-05
1496,6.135115842784761e-05
1497,3.290950999879053e-05
1498,2.0822417445613353e-05
1499,0.00010770114400346939
1500,0.0003206511389780115
1501,0.00038235453505004724
1502,2.3420425475439863e-05
1503,0.0001329121895733965
1504,2.885834832024607e-05
1505,1.2358201474011978e-05
1506,5.6797266388824755e-05
1507,1.1431118710998782e-05
1508,0.000337901883545168
1509,9.463422793570574e-05
1510,2.021234871181981e-05
1511,6.580871819064383e-05
1512,5.845630377088694e-05
1513,0.00033845321673006164
1514,9.458659448617679e-05
1515,1.579200010828272e-05
1516,6.347282730402152e-05
1517,9.211591293316625e-05
1518,0.00048378338834696315
1519,5.3368071863955665e-05
1520,0.0003096251318342574
1521,5.477344957058164e-05
1522,9.991800198108937e-05
1523,0.0003195253708417923
1524,6.429249776001055e-05
1525,1.3392652755277856e-05
1526,1.0141939108998133e-05
1527,4.7916688168568374e-05
1528,0.000332316187088894
1529,0.0003969275434673931
1530,8.841273722876434e-05
1531,0.00041447303988368506
1532,3.890457377372305e-05
1533,4.974854795784125e-06
1534,4.106146375146075e-05
1535,9.052689894175906e-05
1536,1.1435316241099391e-05
1537,4.2275293789922834e-05
1538,6.600148654304101e-05
1539,8.70385875102325e-05
1540,0.00015010119794912333
1541,2.338880147329661e-05
1542,2.2706606986527446e-05
1543,0.0003122657127622672
1544,5.6678798775221234e-05
1545,0.00036817958037163926
1546,4.1513742161096055e-05
1547,5.1474878306351994e-05
1548,4.1513742161096055e-05
1549,7.544916961275055e-05
1550,0.0003553180163884311
1551,0.0003497470303399281
1552,0.00036448452243876303
1553,0.00010077859731220065
1554,7.544916961275055e-05
1555,0.0003736567264907349
1556,0.0003429813152627889
1557,0.00033997383407274564
1558,7.138137245345625e-05
1559,0.00033997383407274564
1560,9.843983166641387e-05
1561,4.1513742161096055e-05
1562,0.00033997383407274564
1563,4.1513742161096055e-05
1564,0.00033997383407274564
1565,4.1513742161096055e-05
1566,4.1513742161096055e-05
1567,4.1513742161096055e-05
1568,4.1513742161096055e-05
1569,0.00033997383407274564
1570,4.1513742161096055e-05
1571,4.1513742161096055e-05
1572,0.00033997383407274564
1573,5.1234557275420286e-05
1574,4.1513742161096055e-05
1575,4.1513742161096055e-05
1576,4.1513742161096055e-05
1577,4.1513742161096055e-05
1578,0.00037389665420487286
1579,0.00033997383407274564
1580,4.1513742161096055e-05
1581,4.1513742161096055e-05
1582,4.1513742161096055e-05
1583,4.1513742161096055e-05
1584,0.00033997383407274564
1585,7.544916961275055e-05
1586,4.1513742161096055e-05
1587,4.1513742161096055e-05
1588,6.142273531196317e-05
1589,0.00038236581472776563
1590,6.142273531196317e-05
1591,0.00036966652192492797
1592,6.985876465322535e-05
1593,9.131236945468237e-06
1594,3.213511702954775e-05
1595,9.859158911157464e-06
1596,0.0003074180037378836
1597,4.285597104057886e-05
1598,5.0672588916710623e-05
1599,1.0283710315386464e-05
1600,6.253874346210972e-05
1601,6.2495810681371e-06
1602,3.842705136761498e-05
1603,2.2746877917677726e-05
1604,0.00030759943185333053
1605,6.48662961272462e-05
1606,6.075410418210789e-06
1607,4.928886421250926e-05
1608,4.091049785545929e-05
1609,4.513512144042308e-05
1610,3.1259592416053984e-05
1611,0.00032717341764853305
1612,1.60293027744946e-05
1613,6.360450765860342e-06
1614,0.00030404216164557776
1615,0.00010218970363030449
1616,9.305150391507063e-06
1617,8.448359492883401e-06
1618,1.9410295523019064e-06
1619,0.0003067787657923865
1620,7.567581488768643e-05
1621,1.3308838553430671e-05
1622,2.1872134750318715e-05
1623,5.31344231432785e-05
1624,4.29281229945741e-06
1625,4.29281229945741e-06
1626,1.2126956854355155e-05
1627,1.2260138583356246e-05
1628,5.712458380487455e-05
1629,4.473003100171917e-05
1630,3.39356385790761e-05
1631,4.6021034711010025e-05
1632,0.00033236955859005854
1633,3.39356385790761e-05
1634,3.39356385790761e-05
1635,3.39356385790761e-05
1636,3.39356385790761e-05
1637,0.00033236955859005854
1638,3.39356385790761e-05
1639,0.0003441222309322334
1640,3.39356385790761e-05
1641,3.39356385790761e-05
1642,4.441500259847623e-05
1643,6.494961223224323e-05
1644,5.384679813205658e-05
1645,3.39356385790761e-05
1646,3.8670153114775776e-05
1647,3.39356385790761e-05
1648,0.00033236955859005854
1649,3.39356385790761e-05
1650,3.39356385790761e-05
1651,3.39356385790761e-05
1652,0.00032352172879504385
1653,1.6895008091022923e-06
1654,0.0003020940733222206
1655,1.6546829901325372e-05
1656,0.0003122788303627313
1657,1.3448761652994856e-05
1658,3.55836189373238e-05
1659,1.208819602533051e-05
1660,1.208819602533051e-05
1661,6.587744639967499e-06
1662,0.0003185303160459158
1663,1.9895821453447122e-05
1664,0.00034693562135692705
1665,1.9895821453447122e-05
1666,1.9895821453447122e-05
1667,1.9895821453447122e-05
1668,1.9895821453447122e-05
1669,1.9895821453447122e-05
1670,1.9895821453447122e-05
1671,4.853598381612453e-06
1672,2.0142902463537173e-05
1673,3.802831369435597e-06
1674,7.723487561201782e-06
1675,1.1185791380027121e-05
1676,0.0003087744646972911
1677,8.701461869421617e-06
1678,0.0003074743864705514
1679,0.0003074743864705514
1680,1.1046620696959629e-05
1681,0.00031350743281881934
1682,1.2412094041873864e-05
