1,0.0026957526662107325
2,0.0013213801436831219
3,0.0011428169117829795
4,0.0019232816294248835
5,0.0011657544182179097
6,0.0002453101354531659
7,0.0024976666666499704
8,0.0020919106382801186
9,0.0018993254506804158
10,0.0007446638948093551
11,0.001974469046337949
12,0.0021186648526307188
13,0.0016918289572370993
14,0.0011933332164986768
15,0.0017889451212839461
16,0.0003397904290204089
17,0.0008757822732984277
18,0.0004489198069376525
19,0.0007604795410582264
20,0.0006089717740344238
21,0.0007820977541539935
22,0.002592007951023304
23,0.0015048600122893638
24,0.0016939959141376543
25,0.0020246077993573757
26,0.0007558071061868823
27,0.0006435543429926439
28,0.0024979223357351034
29,0.001185025985409684
30,0.0007359710739631902
31,0.001440718327983921
32,0.0008052609550318616
33,0.0009647293022712483
34,0.00039810528027774746
35,0.0004383985314803409
36,0.00022261885837068443
37,0.00014326007251268415
38,0.00120117811588837
39,0.0008843763580087071
40,0.0009595295449757292
41,0.00044840355560554264
42,0.001371056826262774
43,0.0005054439080360114
44,0.001235893910632444
45,0.0010098987479887295
46,0.000669797670665184
47,0.0013156860351210013
48,0.0010607543335300399
49,0.0012063097024400463
50,0.0033287593402249066
51,0.0012153750519804498
52,0.0012240798072119929
53,0.0012611314012856067
54,0.0011294826955990061
55,0.001335819246161737
56,0.0027513829931572874
57,0.00041127602411112474
58,0.001653501371192073
59,0.0007672768014655405
60,0.0006211971067646592
61,0.000631040827290683
62,0.0012440727555306076
63,0.0008418575861840414
64,0.0021829919807639163
65,0.0011632307195376674
66,0.0014793814080509829
67,0.001074507121886191
68,0.0013424970097199508
69,0.0024792151768229433
70,0.002073832236420619
71,0.0021827142366336177
72,0.0013303828930347344
73,0.0012830742336009007
74,8.717171365003616e-05
75,8.56695162539575e-05
76,0.0009581707716215073
77,0.001758815461462478
78,0.000429656922063924
79,0.002837877860111998
80,0.001091628734864666
81,0.0011800419415558924
82,0.0024961495063565956
83,0.0017326912629050516
84,0.00020515155110092693
85,0.00065573787269628
86,0.0012721564977056022
87,0.0013123550114437256
88,0.0021688081844812657
89,0.0025029443098182167
90,0.0010014595110337645
91,0.0013512656780100263
92,0.0010586986364636106
93,0.0009309406239058772
94,0.0012879103496624268
95,0.0018889893363761396
96,0.0026223328559968114
97,0.0024161056378483154
98,0.002706694479126272
99,0.0015997706655538546
100,0.003253457865065771
101,0.0010700889628483673
102,0.0005441479606139417
103,0.00047097626357982985
104,8.349599956411477e-05
105,0.000654009378519045
106,0.0008984085921395585
107,0.0006532085493013234
108,0.0008665721938869317
109,0.001326167800038907
110,0.0003487952492749728
111,0.001832871988242065
112,0.00020353232454985558
113,0.0004105199864626773
114,0.00047914142069997403
115,0.0004342970920505066
116,0.0009154321030612502
117,0.0024102658828567235
118,0.0022658537675095186
119,5.264811655115915e-05
120,0.0008953433232673657
121,0.0027364810953721414
122,0.0009557577496329219
123,0.0009718825060627786
124,0.001287426482112303
125,0.001992191467620826
126,0.0009464509800911346
127,0.0024761949464704035
128,0.0006927587023425586
129,0.0012712896048123381
130,0.00021789598838179962
131,0.0008900896751853701
132,0.002016484347179709
133,0.0013893383479313206
134,0.0015660542198777346
135,0.002070754737548005
136,0.0008896454894976997
137,0.001179395330180232
138,0.00018701537390388603
139,0.0006031832188409855
140,0.0006197188895984128
141,0.0008028610195132769
142,0.0009174146555371948
143,0.0019143279207560957
144,0.0019677932997103887
145,0.0009416881123235457
146,0.00041198136123828306
147,0.001364242827016635
148,0.0009889510803939186
149,0.0005818442511370915
150,0.0011236526203983012
151,0.002176094079698685
152,0.0007997114826026483
153,0.001989415960494034
154,0.0014920267946127957
155,0.0009985826721930246
156,0.001579392746957771
157,0.0014916032243295248
158,0.0006245809547686778
159,0.0009802442489721898
160,0.0007509374307174123
161,0.0019592708907245314
162,0.0009445992953605089
163,0.0011507752868692494
164,0.0013395528665878125
165,0.0005141509444291792
166,0.0005103512391545228
167,0.0007128956636431288
168,0.0024018599352558763
169,0.0009199426251199857
170,0.00103803526167303
171,0.000647991145017646
172,0.002683430469823123
173,0.0023760798526893745
174,0.0029313265431836037
175,0.0020056789961296795
176,0.0022244714053263116
177,0.0011653190185437242
178,0.0013754792850206052
179,0.0018554742019130487
180,0.0017740691718768767
181,0.0030674571383493003
182,0.0018804695774933583
183,0.0022125884604437796
184,0.0011034523894757633
185,0.0021905479994458283
186,0.0020971827499911837
187,0.0016528619231223655
188,0.0015611902840614673
189,0.0005562402953025397
190,0.001085797880844052
191,0.0021543721156936837
192,0.0010068937539697426
193,0.0017229752790350818
194,0.0017893958866950215
195,0.0023785242176950897
196,0.0020994372019570995
197,0.002110545231036221
198,0.00117687765608414
199,0.001346272909517046
200,0.00204981214378402
201,0.0008141629894169407
202,0.0022537006901916373
203,0.0016442901145674194
204,0.0026772762523620446
205,0.001106037284460814
206,0.0005525093726492464
207,0.0006595610965144418
208,0.0017221905324370289
209,0.0016762612895853469
210,0.0025123890466429706
211,0.002027210121015558
212,0.0008836397283940279
213,0.001067212311280728
214,0.001316758863595231
215,0.0018377132371453964
216,0.0023000712516106606
217,0.0012003296215738265
218,0.0019146471150023774
219,0.0011297795800391955
220,0.0005217908159640821
221,0.0009221012674643746
222,0.002314040681446497
223,0.0012305633488464032
224,0.00042750960339400573
225,0.001162188024513527
226,0.0016152068224949865
227,0.001452118152106321
228,0.0020240163152000852
229,0.0018430621856517547
230,0.0017156983143400708
231,0.0013813968472187834
232,0.0010607955330297681
233,0.0015241130266958323
234,0.0025541656384212384
235,0.001721984342720381
236,0.00045061177567341093
237,0.0023050232843378894
238,0.002411748415644855
239,0.001769734514918636
240,0.0012319427961891669
241,0.0012711284523542696
242,0.0006723960430336215
243,0.0010410808055253788
244,0.0006669596200197138
245,0.0015426924434817824
246,0.0011734229380607655
247,6.044689511741947e-05
248,0.001554024712235946
249,0.0009988489039061811
250,0.0014254319096163963
251,0.00039001501344322235
252,0.0014374558322829013
253,0.0004969790727470366
254,0.0008387064225311397
255,0.0010191940851272945
256,0.0004967907178184452
257,0.0018324788174608631
258,0.0025395940418791725
259,0.0009384723895091133
260,0.0011516587242701589
261,0.00027208165640164747
262,0.0008083055853287556
263,0.00047037436132848397
264,0.0009990304218439857
265,0.001894761895451572
266,0.0002596456326576918
267,8.296426515103775e-05
268,0.0014743568528254878
269,0.0015535036440488031
270,0.0011673288997660573
271,0.0012213517069785199
272,0.001131311547079207
273,0.0016128440937240598
274,0.0013697340170672105
275,0.0015674225427340996
276,0.0017799786569280302
277,0.000573626658472322
278,0.0007526007368353348
279,0.00028995324161099187
280,0.0006679912660110799
281,0.0011895433125084405
282,0.001573220909265781
283,0.001497932794512617
284,0.0014664234779989546
285,0.0010479359000361147
286,0.0022118893748191244
287,0.0009481846305786572
288,0.0024105702360543457
289,0.0013249869593283021
290,0.0011826992507449785
291,0.001337485222801069
292,0.0006414211040597351
293,0.0010161739290503052
294,0.0024044973115743534
295,0.0005487210825922873
296,6.376920531652879e-05
297,0.0003859499418986529
298,0.0015856579912951738
299,0.0004743681205812888
300,0.002233376808829635
301,0.001234705903855672
302,0.0015968672049726925
303,0.0007611453310170298
304,0.0007800601371517909
305,0.0005566804067776788
306,0.000507977749938999
307,0.0010090843580743193
308,0.0005251969819787797
309,0.0001465972082238745
310,0.001097497898940977
311,0.0007494592614955436
312,0.000515743622684304
313,0.0021002801528430494
314,5.7897661692597035e-05
315,0.0012349322864377876
316,0.0010990580808215144
317,0.000998875796707924
318,0.00216009349720273
319,0.0009402219774691363
320,0.00022421618953159166
321,0.000917497005109978
322,0.0014680756965767324
323,0.0014924361377909687
324,0.0010385976356814537
325,0.0007571392511527826
326,0.0008984595256362333
327,0.0008640057978854792
328,0.0015505751056414461
329,0.0003085722630105942
330,0.0003466887717612101
331,0.0006011393312169027
332,0.0007682900667503016
333,0.0013088180866377504
334,0.0003980422170259929
335,0.00013855619348458734
336,0.0002965065454009921
337,0.00016797919795203192
338,0.0005769540174823068
339,0.0002912053242870902
340,0.0009652617440094801
341,0.00041959397618647243
342,0.00035624757138977205
343,0.0007168377287001164
344,0.00033207708438678246
345,0.0004360714219497573
346,0.0007977083528919609
347,0.0008957433301732832
348,0.00020550767686473503
349,0.000538464100016105
350,0.0002821112943286209
351,0.0001934017700428369
352,0.0004819380996387539
353,0.00012427654582241297
354,0.0005276270323793981
355,0.0003166370155075421
356,0.001008584492854482
357,0.0019553378767698908
358,0.000827439143368926
359,0.00012515372371603808
360,0.0003940858767204458
361,8.660298951781972e-05
362,0.0004949870569546968
363,0.0005137873906869477
364,0.0004330930187048706
365,0.000527771637339322
366,0.0006004616363396083
367,0.001971385152591033
368,0.00032642897040169804
369,0.0004730087897932202
370,0.000635370816877762
371,0.0007052631417546789
372,0.0003793194468675986
373,0.00044872371815287944
374,0.00014921210854894416
375,0.00031253913123995426
376,0.00026295972003148246
377,0.0001905339042543883
378,0.0009785369974223846
379,0.0005035369573440378
380,0.0011510326858799583
381,0.000905546189714044
382,0.0010435274852806785
383,0.00033377720142899523
384,0.0010650056041415683
385,0.0019179626059162083
386,0.0012425243196933229
387,0.0007601687898395978
388,0.00036575803858527646
389,0.000610282061475994
390,0.00011063112589219175
391,0.0006707731225631321
392,0.0007087471945274508
393,0.0018048757982792175
394,0.000465628853967453
395,0.000588446966248257
396,0.0010059478406755319
397,0.00016730211963580493
398,0.0003244600677080051
399,0.0009303388558959435
400,0.00022676766635495695
401,0.0008533125424181146
402,0.0015726057759296631
403,0.0018627613852785826
404,0.0010340769464521483
405,0.002361281346857529
406,0.00040967172922494325
407,0.000703029879161842
408,0.0007728539490529067
409,0.0009074518108969213
410,0.001572291730287714
411,0.0013234241260829986
412,0.000833323593070063
413,0.0005114973056276384
414,0.000646609770524936
415,0.00034194526908123507
416,0.0009462174205831337
417,0.001147997261418662
418,0.0011987681785910567
419,0.0015563216533738366
420,0.0008393280572799492
421,0.001026774257609393
422,0.00024702581267871946
423,0.0026943925187022755
424,0.0001845469803974974
425,0.0009216497105553377
426,0.00035063731833122466
427,0.001937512527300388
428,0.0011574362403523192
429,0.0008574260434290464
430,0.0008790317074572115
431,0.0014075509483353818
432,0.0015122715645629998
433,0.0019207901319862443
434,0.0009428796928400933
435,0.0016408753369642664
436,0.001003076479788461
437,9.076641031702017e-05
438,0.0004120669798481501
439,9.076641031702017e-05
440,0.0004950548636270713
441,0.0005188405093594711
442,0.0003864426914778556
443,0.0014914223928379012
444,0.0004875405836255754
445,0.00027026623810912933
446,0.0001365831673992388
447,0.001472150915287902
448,0.0009153986024004109
449,0.0013774386227910049
450,0.0006038262225832946
451,0.0015934084465967712
452,0.0006867981585907827
453,0.0005261032134572412
454,0.00019119401486411157
455,0.0011844010324279992
456,0.00040100303205183686
457,0.00023498016052724157
458,0.0009732014628680316
459,0.00023456624172237241
460,0.0002666512412499269
461,0.0007969753507312456
462,0.0012547011384764692
463,0.0006918575457155296
464,0.0003726048444277899
465,0.0011175259416005092
466,0.0005504519941000429
467,0.0005472074330047563
468,0.0010059540521669174
469,0.001034547836240862
470,0.0011234778204121756
471,0.001540027764703974
472,0.0013154248839622872
473,0.0010540440121697785
474,0.0015346569174485784
475,0.0019131387067460707
476,0.0011708095253437469
477,0.0007724114396555072
478,0.0011275582537353928
479,0.0014248460758426124
480,0.0014425553345144956
481,0.0009021405487033539
482,0.0010846140154078768
483,0.001798184247830003
484,0.0010802060329465487
485,0.001066994052845848
486,0.0005282833090061531
487,0.0005369678421441786
488,0.0006400478315078662
489,0.0005035299190404542
490,0.0004692611221645375
491,0.0006752094549426656
492,0.0005656007387519541
493,0.0008534307455586377
494,0.0005300703140218805
495,0.0005088690451792198
496,0.001751069370118333
497,0.0009351265904254844
498,0.0012553244883178256
499,0.0005656219480261308
500,0.0006670577493441356
501,0.0011828794289094693
502,0.0006084188131703226
503,0.000437211148421707
504,0.0013629214598237151
505,0.0006797111516229627
506,0.0012446308292835084
507,0.0008525001784295196
508,0.001709331152052501
509,0.0013838444477065445
510,0.001014460409320305
511,0.0016851660534773572
512,0.0005483552697834448
513,0.0009206596399500584
514,0.0013606061687860033
515,0.0013423744399352726
516,0.0006296183696759982
517,0.0011475435104513622
518,0.000891921676569473
519,0.0007141345438701124
520,0.0010722164762874593
521,0.0013796888868298546
522,0.0006600393837264269
523,0.0012388298884075818
524,0.0007021707366437466
525,0.0007087891278148587
526,0.0011174968873922735
527,0.0016225677017531988
528,0.0010065755695375302
529,0.0008285219513594087
530,0.0007540682722471673
531,0.001394532286929262
532,0.00019491030216355643
533,0.00017235804572873306
534,0.0004606881589668494
535,0.0004125133161128006
536,0.0001488343883093128
537,0.0006990979674731403
538,0.00035205638679397646
539,0.000585238466729829
540,0.0005222218531620216
541,0.000874926035181481
542,0.0005501364138871832
543,0.0005513967067383037
544,0.0006166289474150207
545,0.00017067399749837856
546,0.0018822472641259209
547,0.0003868068562118721
548,0.00015459717790980144
549,0.0010224415409037903
550,0.0015228284360438082
551,0.00029788989722071257
552,0.0008735233610702772
553,0.0006691327935187919
554,0.0010258819176454505
555,0.00015618269965154028
556,0.0001901904427560947
557,0.0005336445263995197
558,0.0007949194255529079
559,0.0014063782355212538
560,0.0005452438997308602
561,0.0009510650861579554
562,0.0005362288046547632
563,0.00033294032553781035
564,0.00031917746679283683
565,0.00025943565680428834
566,0.0016785035951382883
567,0.00035862567204972067
568,0.002002691741273839
569,0.0007631836874965869
570,0.0005653986398251705
571,0.0007124193492631778
572,0.00039763583728934
573,0.0003551566306093728
574,0.0005262055929443022
575,0.0007986032207348595
576,0.001002600641762303
577,0.0004852223071562465
578,0.0013320438913628242
579,0.0005370335919992513
580,0.0003101539240636351
581,0.0009575840500300376
582,0.0014174270126074715
583,0.00045651906724407507
584,0.0007571469766323516
585,0.00045100374089876964
586,0.00042000674780922844
587,0.00017911835749288927
588,0.001986765091913107
589,0.0004405006847788481
590,0.00018803191782885108
591,0.0016589068024790814
592,0.00014243560757248234
593,0.00015645151049089903
594,8.86883748324402e-05
595,0.0004924371082295911
596,0.0009135013707964735
597,0.00183330851344734
598,6.647093416376727e-05
599,1.674464853160678e-05
600,0.0003320831482674384
601,0.00024649208314607787
602,0.0005148015633567414
603,0.0015991676458441458
604,0.0006562098675793177
605,0.00031446663776006796
606,0.0006372283713498196
607,0.0006274298494954563
608,0.0003316056510628664
609,0.0005687192692043613
610,0.00045794988397410044
611,0.0003816512208773978
612,0.0003556853620030528
613,0.0002951411690302573
614,0.0005330864002850479
615,0.0005182007557447233
616,0.0006682063949830868
617,0.00017680015818988474
618,0.00020455898880785117
619,0.0009412297437857869
620,0.0004311457155352901
621,0.000150784630766429
622,0.0004401172984230912
623,0.000423593343153601
624,0.0002957172000994456
625,0.0011120739033205112
626,0.0003879412260213181
627,0.0010718508004293535
628,0.0012827940553069227
629,0.0010589099673420136
630,0.0003592283619498416
631,0.0014520770646496651
632,0.0008637244041401908
633,0.0006129868794515472
634,0.00024954358631927933
635,0.0005629585688795836
636,0.0009781337984190379
637,0.0003976840110464778
638,0.000456685918989125
639,0.0007464611984718152
640,0.00079673160944383
641,0.0003078291318600481
642,0.0009562136927562306
643,0.0003645875841387531
644,0.000408020283257651
645,0.0003012378303608207
646,0.00039271116867587255
647,0.0010234378101130993
648,0.0005721157965021522
649,0.0005900431811123717
650,0.0010260986672315899
651,0.001475353798874627
652,0.0008589777658625078
653,0.0003759305469483571
654,0.0012586961720851566
655,0.002248018525653056
656,0.0004304825152390152
657,0.0014243767702593548
658,0.0008805339813710341
659,0.0012983889383045392
660,0.0013747849467687268
661,0.0010659175932292372
662,0.0010828372488175817
663,0.0010576376961932434
664,0.0004600670856159059
665,0.0012972446333682328
666,8.310267701420105e-05
667,0.00015662144682474603
668,0.00041952200002317946
669,0.000173048210479113
670,0.0004250233597587692
671,0.000505501636666872
672,0.0006602509970353262
673,0.00117867633512833
674,0.0005417355964307892
675,0.0008703506585770099
676,0.0006029534963339178
677,1.674464853160678e-05
678,0.0012334523838493409
679,0.0010759135498878787
680,0.0002536070944316481
681,0.0002064180280627071
682,0.000835089301011173
683,0.00032557065269241364
684,0.0015299548609944084
685,0.0015554077990212036
686,0.0006235301826252866
687,0.0007811428557144651
688,0.00025890582149595354
689,0.0005320780335862669
690,0.0007431842542687514
691,0.00013906533777807213
692,0.0014865403271652712
693,0.0010119125964762094
694,0.0003982957469011701
695,0.00047562491177368825
696,0.0006554240371540983
697,0.0004624547466480807
698,0.0004740886510333876
699,0.0009306053222608088
700,0.0002514225496390448
701,6.714003589353635e-05
702,0.000622201217439977
703,0.00021393236009644868
704,0.0005557907046725859
705,0.0014044270200844705
706,0.0003733376868381913
707,0.0006467897774105716
708,0.001010162343002414
709,0.0010156162132336259
710,0.0007957549348600994
711,7.178867012708126e-06
712,0.0005790931260269856
713,0.0009096659970506832
714,0.00016202509269419197
715,0.0010008497359378624
716,0.0009289204225672518
717,0.000964904729662302
718,0.00017183705797715816
719,0.0003826773667775955
720,0.0011296232403766905
721,0.0006116853511564456
722,0.0006673751829964296
723,0.0007423765814281975
724,0.0007446531281565668
725,0.00025621394357806874
726,0.00019816399376328052
727,0.0010060538810424146
728,0.0005697820547011105
729,0.0008974003309282008
730,0.0002642232236929989
731,0.0007925364948535266
732,0.0016686119645175448
733,0.00022711994242699437
734,0.0003575570972541146
735,0.0016456173187426033
736,0.0007398090679187146
737,0.0006398448758114945
738,0.00033311563433373456
739,0.0015760811767819073
740,0.0007575083865423255
741,0.0008205447922811664
742,0.0017904940839610628
743,0.0006603031586415579
744,0.0006498128967585902
745,0.0001984793853366608
746,0.001227984533541927
747,0.0010509746721122195
748,0.0015818236989451238
749,0.0003699344641209574
750,0.0006949499708760346
751,0.0010546582062554307
752,0.00061810074543759
753,0.00027014544102511043
754,0.00030414673773292476
755,0.0009745433118260243
756,0.0012562278620859963
757,8.68418896333586e-05
758,0.00022353802508491894
759,0.00017783540991533285
760,0.00039763493787187625
761,0.0005576178222518819
762,0.0009657293190897105
763,0.0011113287780826285
764,0.0003108714162383984
765,0.00046121390357701245
766,0.0004544234253540737
767,0.00016508438805616063
768,0.0006002848761471123
769,0.00046330963833038667
770,0.0006548147376943428
771,0.0007839906174725039
772,0.0008220705491464213
773,0.00023247006243986033
774,0.00039432790913182346
775,0.0006788596220146471
776,0.0001378501038889032
777,8.800381904611337e-05
778,0.0007880589595708527
779,0.0004043669875279223
780,0.000755218114725091
781,0.0011705096925523433
782,0.00021258831345316443
783,0.0005035895571611117
784,6.983083391053844e-05
785,0.0004767938707799086
786,0.00023827753317591884
787,0.00019151285297269738
788,7.117864304286291e-05
789,0.0005756385925464279
790,0.0007167687974185758
791,0.00046367639750812206
792,0.0009321691779427939
793,0.000485631275265542
794,0.0005537803259921654
795,0.000273533611364301
796,0.0004526453091289652
797,0.00034787809999638496
798,0.0001478754252625634
799,0.00037236330759081405
800,0.0006426873038804044
801,0.0002416529065955742
802,0.0007986269981767963
803,0.0004724297490879581
804,0.00012869580621996163
805,0.0003655994736572909
806,0.0005777813791616464
807,0.00018225435509124796
808,0.0006955844243913737
809,0.0004858845091643199
810,0.000515814882473347
811,0.00019214674717819353
812,0.000552328102522269
813,0.00043049496401897393
814,0.00033509050873769945
815,0.001124211866115539
816,0.0005507850931530938
817,0.00035748682823321195
818,0.0002771355055757601
819,0.0006545331874539356
820,0.0008232663419103179
821,0.0005657212089098347
822,6.455485423466456e-05
823,0.0007781104504799147
824,0.0005479916780570689
825,0.0007582687947544736
826,0.0007101999958821275
827,0.0007729062827742173
828,0.0004435565730403254
829,0.0002756210139556795
830,2.9999916049969673e-05
831,0.0008341888302841115
832,0.000547637352800731
833,0.00047866874275835213
834,0.000571723312721994
835,0.0001420771300332161
836,0.00028101255640221534
837,0.0002918650370414181
838,4.757595826516375e-05
839,5.69693151977414e-05
840,0.0007827691062406133
841,0.00040821441440318267
842,0.0003524731069814222
843,0.0003963584083000749
844,0.00041159247469349926
845,0.0013454095955129323
846,0.0003747852044305514
847,0.0004951412041557563
848,0.00012609465177880743
849,0.0005658035424424126
850,6.866648408818143e-05
851,0.00039066150568084734
852,2.9999916049969673e-05
853,0.000200504245226283
854,0.00021171617635698162
855,0.0005856913351438882
856,0.0006920005347728819
857,0.00033509050873769945
858,7.90243842244603e-05
859,0.0004687985585226088
860,0.00019621547384076403
861,8.148548370295223e-05
862,0.0004935952451138401
863,0.000566144603630671
864,0.0006181399276352173
865,0.000562002422847122
866,0.0008517281465481347
867,0.00012537577540725704
868,4.576688120587447e-05
869,0.000599833579543406
870,0.00012411502753308586
871,0.0008473581554799526
872,0.00031157933850147477
873,0.0004803258788516683
874,0.0003146449191675093
875,0.00039804160116943744
876,0.0006381897670380862
877,0.0006584358826208854
878,0.00026431089540047465
879,0.0007287860110863851
880,0.00036726719118839173
881,0.0003152712650476248
882,0.000556415439354788
883,0.00011989930718811408
884,9.09229800645087e-05
885,0.0001610899649137453
886,0.000652047274053142
887,0.00042100651946074804
888,0.0001228208531670495
889,0.0004447238581763362
890,0.0003910397327511758
891,4.779164616455951e-05
892,0.00031445028949851346
893,9.170814821851187e-05
894,0.00012640174317720318
895,0.00068040950093545
896,0.0003127559416498864
897,0.0003406686207061203
898,0.0003360101041865229
899,9.652405386562478e-05
900,0.0003226788891051337
901,0.00011757183664426574
902,0.0003200663849094148
903,0.00016220518322082044
904,0.0005329871543344859
905,0.0005298948496527978
906,0.00046778407811789334
907,0.00034072043896658875
908,0.0001421551578702183
909,0.00012733460131936772
910,0.0003846131198376414
911,8.132607568316027e-05
912,0.00011635455210355542
913,6.659794656552536e-05
914,0.00011975378695182376
915,0.00017714674306993936
916,0.00020979568449807674
917,0.0004009984258875386
918,0.00012623399798368355
919,0.0007707659199838161
920,8.778240731955742e-05
921,0.0004755056792630887
922,0.0006522478673240835
923,0.000789861643844299
924,0.0009494759096441446
925,0.0006221732838235462
926,0.001063166491472142
927,0.00010647408814761812
928,0.000906778088669104
929,0.00038600367765387637
930,0.0006886652664664372
931,0.0005438175197517668
932,0.0003611878225647865
933,0.00018826691132854226
934,0.0008129889800704407
935,8.565241876089728e-05
936,0.0002715229220093469
937,0.0005301117580040624
938,0.0004511133935648202
939,0.0006651421777812488
940,0.0004002965105771833
941,0.0005057128401033243
942,0.000588689216981947
943,0.00045003729771158523
944,0.0004930006752894718
945,0.00039792177365150167
946,0.0006027935060350395
947,0.00046017315918112995
948,0.0003259847962522423
949,0.0009644241419319953
950,0.0003295081818750466
951,0.00044373583603485306
952,0.00039077445054037864
953,0.0006016529432401883
954,0.0001537684369097956
955,0.0005382604037845157
956,0.0005094729873303342
957,5.106838679506784e-05
958,0.00017163225754596596
959,0.0007258572483265483
960,0.0005979954543918729
961,0.0003508689260641152
962,0.0005335573811875376
963,0.0003569196111106483
964,0.00014144135309000384
965,0.0002443430987340482
966,0.0006262575913469268
967,0.00014146011152804753
968,0.00047760235740880355
969,0.0006291378459530324
970,0.00011683844778733133
971,0.0006554986989891221
972,0.0003680260004889455
973,0.0003436361815299791
974,0.0006334189132713934
975,0.0007192197114343766
976,0.00012579491907490462
977,0.0004745436693400134
978,0.0002536867324848283
979,0.0006588573827233382
980,0.0005960674437703003
981,0.0004009613430514623
982,0.00020638514371672205
983,0.0001544888967869256
984,0.000335696077458705
985,0.00019509868628592048
986,0.0005189058096708765
987,0.00034376233055833467
988,0.000431161725938559
989,0.0002089738238342566
990,0.0005395260642682878
991,0.0004989018316311907
992,6.221439337217196e-05
993,0.0004873927219517992
994,9.13434088666116e-05
995,0.00022567216441547326
996,0.00016289712895061427
997,0.0005337626513536894
998,0.00018451952792837578
999,0.0001345935669931403
1000,0.0001371750837288387
1001,0.0004913379968331756
1002,0.00041107073986989683
1003,8.749143367494386e-05
1004,0.000429303680120781
1005,0.00023821327079597346
1006,0.00027048262376297606
1007,0.00039039796127760885
1008,0.000641954223702381
1009,0.0004904162570723873
1010,0.0007609683155767298
1011,0.0011370368046970205
1012,0.0007376210707224831
1013,0.00031950366837203925
1014,0.0007977497537509395
1015,0.00013873733536592023
1016,0.00104533565250912
1017,0.0007352298109356783
1018,0.0006497559845596195
1019,0.0002993655913538291
1020,0.00033708890493406907
1021,0.0006728016247680012
1022,0.00022019337465600374
1023,0.0002815072322413976
1024,0.00010661852195156456
1025,0.00027439368106420086
1026,4.6232806263210066e-05
1027,6.243903321677902e-05
1028,0.0014066843463062095
1029,0.0005062938162864309
1030,0.00023135183658014717
1031,0.0004027987545386304
1032,0.00019861047014737068
1033,0.0006016027570629016
1034,0.000264565653841769
1035,0.0006879934382094773
1036,0.0002621113494627138
1037,0.0005969852720520408
1038,0.00012001714016967795
1039,0.0010814370875426701
1040,0.00022662203379099428
1041,0.0009508720010835343
1042,0.0003683767207505174
1043,9.8038529556354e-05
1044,0.0005183598405011932
1045,0.00033588248885063664
1046,0.0008513994919889928
1047,0.0010513145698079136
1048,0.0006726311692788564
1049,0.00024468923015390345
1050,0.0004069057264545001
1051,0.00033055790015711837
1052,0.00026537951119062
1053,0.0006274677311466467
1054,0.00022374302103315988
1055,0.00013678738858327447
1056,0.0004206676584364698
1057,0.00022665077761444745
1058,0.0005178757823824656
1059,0.000288005128692004
1060,0.0006064235581849165
1061,0.0005401007384248549
1062,0.0001151827193627838
1063,0.00038650861969889336
1064,0.00034224726957714875
1065,0.0004915092481805093
1066,0.00019344866013564069
1067,0.000658269031072405
1068,0.00044945156843051134
1069,0.0002565132642271107
1070,0.0003328674533524528
1071,0.0001908381624993978
1072,0.00010857046527827095
1073,0.0006111946914866377
1074,0.0011462752694261166
1075,8.52085513921469e-05
1076,0.00017338952074637845
1077,9.502140105272626e-05
1078,0.00025620706371043807
1079,0.00044001404422154306
1080,1.9926315944079217e-05
1081,9.315264378916485e-05
1082,0.00011049662475397541
1083,5.6652514811523536e-05
1084,0.00018596867960869712
1085,0.00046122640239091054
1086,0.00023645816262573
1087,0.0004325359357024391
1088,0.00014415965485467457
1089,0.0006492008940205886
1090,0.00041765746956464454
1091,0.00047804795622672253
1092,0.0001619224199164415
1093,0.00023589481407800222
1094,0.00010744507860885244
1095,0.0006077534504506048
1096,3.0683306262516504e-05
1097,0.0005159696526587469
1098,0.0004402580508531831
1099,0.00014955220192863276
1100,0.0004468143104143972
1101,0.0007453391078030987
1102,0.0003871613501399497
1103,0.0005596532735060063
1104,0.00036207349892865206
1105,0.00011274127746324361
1106,5.6275813584978825e-05
1107,0.00027117360574980317
1108,0.00043134062939798956
1109,0.0006354705826405277
1110,0.0004487095896025061
1111,0.0001401092283855038
1112,0.00023514776759578062
1113,0.0003089979247208292
1114,0.00040746256845088785
1115,0.0002478807710174149
1116,0.0001237817769412222
1117,0.0004582715572355715
1118,0.0005534920246693171
1119,0.000891237905457787
1120,0.00019897813320102353
1121,0.000214621242243834
1122,8.140933608286036e-06
1123,4.389959234024668e-05
1124,0.00041356510375917596
1125,3.137547806365299e-05
1126,0.0005905501064038451
1127,0.0003555171556346011
1128,0.00016111248821355182
1129,0.0005756972818417843
1130,8.890294402645526e-06
1131,0.00017041448229993984
1132,0.0002796354229157638
1133,0.0006324605794031412
1134,0.00036414162208216736
1135,0.0005398869162379681
1136,0.00033182786127526625
1137,0.0005532820967061075
1138,0.00034989174844692343
1139,0.0007331904225274253
1140,0.0002269519140639617
1141,0.00041756220799301426
1142,0.0003572275576449461
1143,0.00016328495035172064
1144,5.634118954457775e-05
1145,0.00010903979260710465
1146,0.0003634742431471647
1147,0.0006089780878039146
1148,0.00010593904431631932
1149,0.0002220575936764785
1150,9.974195799718095e-05
1151,0.00011024407820157224
1152,0.00020388921142513425
1153,0.00024485856354199967
1154,0.0004181018911761304
1155,4.541228220767717e-05
1156,3.668876958496032e-06
1157,0.00025006757587654873
1158,0.00036225728502498945
1159,0.00011260994048991238
1160,0.0002553200085615276
1161,0.00014628133350698137
1162,7.716315351254157e-05
1163,0.0005450863518552532
1164,0.0003726061211214994
1165,0.00014512041091951567
1166,0.00019984286113345219
1167,0.00014438671207874724
1168,0.00028072631129910213
1169,0.0004684794236328771
1170,0.00034373987321642037
1171,0.0001456493178982865
1172,0.00045873993556609324
1173,0.00012184903517034407
1174,0.00013187655200421158
1175,4.8204309037606094e-05
1176,0.00016095097131426286
1177,9.407576624042336e-05
1178,0.000576814112257234
1179,0.0004496796931542735
1180,0.00045462287799297
1181,0.0004370796466827356
1182,0.00019753540289020873
1183,0.00017745177330789354
1184,0.00016379307081264326
1185,0.0002055850359935996
1186,6.813326298365813e-05
1187,0.00014604045196011745
1188,0.0004694319083712782
1189,4.165421357064537e-05
1190,7.39971083229094e-05
1191,2.043646522105685e-05
1192,0.00048391658067542217
1193,0.0004411337100795619
1194,0.00034885106105781555
1195,0.0004680228514193403
1196,0.0003601280992527878
1197,0.00038869734393037086
1198,0.00014043234331256876
1199,0.00022669881281469392
1200,0.00010371090118143317
1201,1.3131294417303747e-05
1202,0.0001101973307079125
1203,0.000515236941530777
1204,0.0001693809197096113
1205,0.0003917974671464659
1206,0.000567729608321669
1207,0.00022566494539979975
1208,0.0006081790292244341
1209,0.0002380004860762375
1210,0.00046606500364092636
1211,0.0001661382436215306
1212,6.971205043453078e-05
1213,9.579569566412536e-05
1214,0.00011855443340138172
1215,0.0003295713319147014
1216,6.843355508404465e-05
1217,0.0004733090063547763
1218,0.00028941354859144156
1219,0.00022293847590904725
1220,0.0004389745267659755
1221,0.00047660557701754926
1222,0.0003062971288909644
1223,0.0003737538863141242
1224,0.00020939911800972269
1225,0.0004976527784610671
1226,0.00034927787473354146
1227,0.0001097744793056963
1228,0.0005439344336910246
1229,0.00017371228298445463
1230,0.000533363351923427
1231,0.0005738781562058418
1232,0.00024479055366285633
1233,5.927678835816042e-05
1234,4.191851657261803e-05
1235,0.00031271913508539235
1236,0.00031271913508539235
1237,4.514591031876906e-05
1238,6.52539785026756e-05
1239,0.00056030338453984
1240,0.00025036809644304235
1241,0.0003593383441848583
1242,7.486336900719733e-05
1243,0.0003459994897500872
1244,0.00035143986978650833
1245,0.0002272040915362171
1246,0.0004057636457426033
1247,0.0001025547932541175
1248,0.0002785575969967851
1249,0.00017439909329310777
1250,0.00010048327537430373
1251,5.206840105248331e-05
1252,0.00013464368184639184
1253,0.00011108535214886764
1254,7.238197235938711e-05
1255,0.00013089920891932425
1256,5.965670109349795e-05
1257,7.003770835832921e-05
1258,0.00021401161865609807
1259,0.0003503645614788246
1260,6.512972525916627e-05
1261,0.0003831143028137137
1262,0.00011179966769137084
1263,0.0004619452000258571
1264,0.0003828925638887775
1265,0.0005021026294216359
1266,0.0001516466350576357
1267,0.0004748088926004258
1268,0.0001481001081096027
1269,0.00041731931804325556
1270,0.0003858889819422411
1271,0.00011311593152254824
1272,6.205576982582486e-05
1273,0.00018556377161423046
1274,0.00015925716736304188
1275,7.345797346806195e-05
1276,0.00011518758207605525
1277,0.00047715771899318126
1278,0.00043042307479086717
1279,0.000396963076857234
1280,0.00011408387950495355
1281,0.0001396056117514369
1282,0.00011053760621463048
1283,0.0001468630587489978
1284,0.00026296931571249824
1285,0.0001659229049782968
1286,0.00021379844916787934
1287,7.745101965346171e-05
1288,0.00014132888749477434
1289,8.73314880478476e-05
1290,0.0003587728096732053
1291,0.00018982047286113458
1292,4.5486118878920255e-05
1293,1.149751686216704e-05
1294,3.458274355444429e-05
1295,0.00037615152466444993
1296,0.0001723977285615981
1297,0.000174530431229042
1298,0.0003937693588588016
1299,6.195991803914772e-05
1300,0.00039587182184974104
1301,5.665818742204078e-05
1302,0.00036963592444295816
1303,0.00021618650710623192
1304,2.1396063144064254e-05
1305,0.0004215906926129609
1306,4.6710712383556535e-05
1307,4.6710712383556535e-05
1308,4.6710712383556535e-05
1309,0.0003085739375924157
1310,6.846548288645011e-06
1311,0.0005471225377013814
1312,0.0003967233085153222
1313,8.464529600718483e-05
1314,0.00013071822729062487
1315,0.00018445030293972998
1316,6.795076995003465e-05
1317,0.00038750359690289694
1318,0.0003801216777514558
1319,8.95403765916046e-05
1320,3.216781664555307e-05
1321,5.2694144482604795e-05
1322,0.00010240653517539312
1323,0.0003491234170586993
1324,0.0003729983352374423
1325,3.216781664555307e-05
1326,5.7918349239274446e-05
1327,4.191156668242428e-05
1328,0.000368273341701568
1329,0.00033706964036593796
1330,0.00036852621066240884
1331,4.917833159663685e-05
1332,3.8386347331240614e-05
1333,0.00037192007264882
1334,7.200354633574624e-05
1335,0.0004365898035225815
1336,0.0004392628904119431
1337,0.0001490563464524617
1338,0.000389651167784929
1339,3.216781664555307e-05
1340,0.00033706964036593796
1341,3.216781664555307e-05
1342,3.305889014683454e-05
1343,3.216781664555307e-05
1344,0.000390638141697137
1345,3.8067440240795025e-05
1346,0.0003930344416098444
1347,4.117454364299199e-05
1348,3.216781664555307e-05
1349,3.216781664555307e-05
1350,0.0003470281876920871
1351,8.352615664692994e-05
1352,3.216781664555307e-05
1353,0.000402016741593504
1354,0.0003387176864322064
1355,5.672084183681195e-05
1356,0.00038936438333637963
1357,3.509853308555454e-05
1358,3.494968573444164e-05
1359,0.0003770592846253931
1360,4.16747200891636e-05
1361,6.56721054436523e-05
1362,3.560760332304593e-05
1363,0.00033706964036593796
1364,3.216781664555307e-05
1365,3.431981241346469e-05
1366,3.216781664555307e-05
1367,5.533970352147598e-05
1368,8.85390821815484e-05
1369,7.436856846545706e-05
1370,7.627651127527537e-05
1371,0.0003428663162267908
1372,4.332873631850311e-05
1373,0.00033706964036593796
1374,3.677627433981083e-05
1375,0.0001267747683715489
1376,0.00010568089256223815
1377,0.00036636479828957105
1378,0.0004065768680060002
1379,0.0001278037428015879
1380,9.511253369111565e-05
1381,7.016365169976838e-05
1382,9.113794488210922e-05
1383,0.00037874535004641166
1384,8.919540163994079e-05
1385,6.966692253119916e-05
1386,0.0003751241516536235
1387,8.919540163994079e-05
1388,0.00040003939466851004
1389,0.00035899803758516926
1390,0.0003540742294023656
1391,8.919540163994079e-05
1392,0.0003605958218140357
1393,8.905624365481679e-05
1394,0.00010100734783156443
1395,0.0003951912808380339
1396,3.533924365165563e-05
1397,6.719474134747156e-05
1398,2.657688012575324e-05
1399,6.753114149001967e-05
1400,0.0004858781315825483
1401,0.00017186828171590003
1402,0.00035911265212683834
1403,6.372816337136635e-05
1404,0.0001622553636219362
1405,7.87391653971877e-05
1406,6.684055796660484e-05
1407,0.0005903585873018337
1408,6.0756642270973546e-05
1409,9.26024326601028e-05
1410,4.565391690133101e-05
1411,0.0003191763376965309
1412,0.0003891131385196783
1413,9.859486485979568e-05
1414,0.0003094453809050398
1415,0.00012789236993905308
1416,5.915135603040466e-05
1417,2.3840381684422253e-05
1418,5.9545436055635556e-05
1419,0.0005068619927875627
1420,2.738742711305826e-05
1421,0.0005069143075848109
1422,6.564199001906749e-05
1423,8.639071238634461e-05
1424,0.0003701964150096926
1425,0.000161621950453647
1426,0.0004361389348905885
1427,6.240702854123647e-05
1428,0.0004741519816719263
1429,4.653696933688337e-05
1430,1.1451117922869141e-05
1431,2.4812938373402255e-05
1432,5.001462354551962e-05
1433,6.6331669556776416e-06
1434,8.695913202038439e-05
1435,0.00043785801528359227
1436,4.674487340531695e-05
1437,0.00013245868795863406
1438,0.00010010224209302668
1439,0.00013103698806825705
1440,7.248022981263792e-05
1441,0.00012718003571661493
1442,6.965788988139951e-05
1443,0.00034330208004949955
1444,0.0002111172251812646
1445,0.00011992521902814857
1446,0.00017998278099220184
1447,2.3113006521677865e-05
1448,7.14314477060214e-05
1449,8.76779158379414e-05
1450,2.9660575080718127e-05
1451,0.000141693406749576
1452,0.00032807083130017623
1453,0.00032807083130017623
1454,0.00037215609099165725
1455,0.0003344272826633777
1456,9.670785522463024e-05
1457,0.00032807083130017623
1458,0.00032807083130017623
1459,7.033097506880648e-05
1460,2.3113006521677865e-05
1461,2.3113006521677865e-05
1462,0.00010443216182717192
1463,2.873661904856892e-05
1464,0.0003569802343398742
1465,0.00035112786239721605
1466,7.46791931351276e-05
1467,0.00032497410777093113
1468,0.00039738391780417165
1469,0.0001681947831180731
1470,0.00037538729032169374
1471,0.0004370040353286167
1472,0.0003118701097622051
1473,0.00041810661732175845
1474,7.850616390840373e-05
1475,0.00012150127330574377
1476,0.0003186835605443264
1477,3.1167587993175405e-05
1478,0.0005671121850357374
1479,0.0001602454622842777
1480,0.00016034957584811068
1481,0.0003476103367074349
1482,0.00032712789688707315
1483,0.00040623302803955363
1484,6.645334476779387e-05
1485,4.779856134576131e-05
1486,2.052635397663788e-05
1487,8.114134666166108e-05
1488,0.0003834593282624982
1489,6.334143679843702e-05
1490,7.984191738469562e-05
1491,0.00033057692505413
1492,2.052635397663788e-05
1493,0.00032542680128132685
1494,2.052635397663788e-05
1495,0.0003777283835696713
1496,6.025324990826151e-05
1497,3.3596225882809725e-05
1498,2.052635397663788e-05
1499,0.00010921822324413478
1500,2.2022008840441915e-05
1501,8.764689188623597e-05
1502,2.378766859892528e-05
1503,0.0001309682564551774
1504,2.8510230433196514e-05
1505,0.00031781498051363185
1506,6.060481116868058e-05
1507,1.1745038783539687e-05
1508,3.978069706467804e-05
1509,9.19438520443629e-05
1510,0.00032496732936038343
1511,6.217397915112626e-05
1512,0.00036606040543548827
1513,3.747218687898117e-05
1514,9.484690323273629e-05
1515,0.00032113985599383117
1516,6.70615378214976e-05
1517,0.0003956461785384821
1518,0.00018252671403835833
1519,5.153557799216194e-05
1520,0.00031614528363214196
1521,5.518439165759424e-05
1522,9.742719295542268e-05
1523,2.0807186706937897e-05
1524,6.570361654143271e-05
1525,1.4276362588148859e-05
1526,0.0003152096474423821
1527,4.161620283459614e-05
1528,3.1026959695669116e-05
1529,9.890435736021107e-05
1530,8.61114952811781e-05
1531,0.00011390748928537601
1532,0.00034901487618464505
1533,0.0003110056145717576
1534,3.7882945376746044e-05
1535,9.384471591811524e-05
1536,1.2267371615070687e-05
1537,0.0003444885084391286
1538,6.599644324957978e-05
1539,8.37117021281037e-05
1540,0.0001470683429183423
1541,2.2996838805671627e-05
1542,0.0003267213174476373
1543,1.348069076003658e-05
1544,5.458139640810501e-05
1545,6.734560912424575e-05
1546,0.00034497791835799675
1547,4.877536116169661e-05
1548,3.983134780880787e-05
1549,7.64295567733638e-05
1550,5.426652861013198e-05
1551,4.877536116169661e-05
1552,6.419928108338003e-05
1553,0.0001016224998473525
1554,7.64295567733638e-05
1555,7.062373058090223e-05
1556,4.284212756962521e-05
1557,3.983134780880787e-05
1558,7.22553357131451e-05
1559,3.983134780880787e-05
1560,9.955243504575467e-05
1561,3.983134780880787e-05
1562,3.983134780880787e-05
1563,3.983134780880787e-05
1564,3.983134780880787e-05
1565,3.983134780880787e-05
1566,0.00034497791835799675
1567,0.00034497791835799675
1568,3.983134780880787e-05
1569,3.983134780880787e-05
1570,0.00034497791835799675
1571,3.983134780880787e-05
1572,3.983134780880787e-05
1573,0.00035544068321566736
1574,3.983134780880787e-05
1575,3.983134780880787e-05
1576,3.983134780880787e-05
1577,0.00034497791835799675
1578,7.64295567733638e-05
1579,3.983134780880787e-05
1580,3.983134780880787e-05
1581,3.983134780880787e-05
1582,3.983134780880787e-05
1583,3.983134780880787e-05
1584,0.00034497791835799675
1585,0.00038156323755798513
1586,3.983134780880787e-05
1587,3.983134780880787e-05
1588,5.7026676867129477e-05
1589,7.969025795854537e-05
1590,0.00036198952942721567
1591,7.043527217284401e-05
1592,6.852250606500378e-05
1593,9.515257269134454e-06
1594,3.3227243250629396e-05
1595,8.45303704128164e-06
1596,8.45303704128164e-06
1597,0.0003483561912407293
1598,4.6387147430450215e-05
1599,0.0003156191621056717
1600,0.0003674927611000618
1601,5.738491051472511e-06
1602,4.118718920402369e-05
1603,2.2718678687306453e-05
1604,8.949891846219361e-06
1605,6.546736921574321e-05
1606,6.541812560423276e-06
1607,5.1734219038496545e-05
1608,0.00034301021560343434
1609,4.239621162336399e-05
1610,0.0003328035668651264
1611,0.0003310279774095405
1612,1.5853995475147906e-05
1613,5.862879591873896e-06
1614,5.0511036301110965e-06
1615,9.793575386651963e-05
1616,0.0003149261762853367
1617,0.0003124422178254126
1618,1.979911736148914e-06
1619,7.458496593919574e-06
1620,7.354949363113709e-05
1621,0.000319238747517255
1622,2.180130605364987e-05
1623,0.00036218105516595453
1624,4.615968604023683e-06
1625,4.615968604023683e-06
1626,1.188605250457871e-05
1627,0.00031767735795742806
1628,0.0003727826535767333
1629,4.73633520867279e-05
1630,3.6598228004017404e-05
1631,0.00035463334341749895
1632,3.6598228004017404e-05
1633,0.000341718040316679
1634,0.000341718040316679
1635,3.6598228004017404e-05
1636,0.000341718040316679
1637,3.6598228004017404e-05
1638,3.6598228004017404e-05
1639,4.8331527356720184e-05
1640,3.6598228004017404e-05
1641,0.000341718040316679
1642,4.697820219834555e-05
1643,6.574440056378653e-05
1644,5.379334619420888e-05
1645,3.6598228004017404e-05
1646,4.221490956478435e-05
1647,0.000341718040316679
1648,3.6598228004017404e-05
1649,3.6598228004017404e-05
1650,3.6598228004017404e-05
1651,0.000341718040316679
1652,2.2411622288921506e-05
1653,0.00030715168122889933
1654,3.2106096330787215e-06
1655,0.0003217592849579914
1656,0.00031813414779852464
1657,0.0003179046255121368
1658,3.3468870400212095e-05
1659,1.3070307908014503e-05
1660,0.0003176825757846058
1661,0.0003121844548682205
1662,1.805844985977813e-05
1663,1.7186341952462695e-05
1664,4.5566776621396834e-05
1665,1.7186341952462695e-05
1666,1.7186341952462695e-05
1667,1.7186341952462695e-05
1668,1.7186341952462695e-05
1669,1.7186341952462695e-05
1670,1.7186341952462695e-05
1671,2.8178073061577607e-06
1672,0.0003247671328044985
1673,3.96173159478227e-06
1674,7.520579774606837e-06
1675,0.00031463016845215206
1676,1.037453911351627e-05
1677,8.864424016896884e-06
1678,0.00031423088548732586
1679,1.1162171804338672e-05
1680,0.00031423088548732586
1681,1.4760885328528222e-05
1682,1.2918997339010959e-05
